256 128 
3 6 
3 3 3 3 3 3 3 3 3 3 3 3 3 3 3 3 3 3 3 3 3 3 3 3 3 3 3 3 3 3 3 3 3 3 3 3 3 3 3 3 3 3 3 3 3 3 3 3 3 3 3 3 3 3 3 3 3 3 3 3 3 3 3 3 3 3 3 3 3 3 3 3 3 3 3 3 3 3 3 3 3 3 3 3 3 3 3 3 3 3 3 3 3 3 3 3 3 3 3 3 3 3 3 3 3 3 3 3 3 3 3 3 3 3 3 3 3 3 3 3 3 3 3 3 3 3 3 3 3 3 3 3 3 3 3 3 3 3 3 3 3 3 3 3 3 3 3 3 3 3 3 3 3 3 3 3 3 3 3 3 3 3 3 3 3 3 3 3 3 3 3 3 3 3 3 3 3 3 3 3 3 3 3 3 3 3 3 3 3 3 3 3 3 3 3 3 3 3 3 3 3 3 3 3 3 3 3 3 3 3 3 3 3 3 3 3 3 3 3 3 3 3 3 3 3 3 3 3 3 3 3 3 3 3 3 3 3 3 3 3 3 3 3 3 3 3 3 3 3 3 3 3 3 3 3 3 
6 6 6 6 6 6 6 6 6 6 6 6 6 6 6 6 6 6 6 6 6 6 6 6 6 6 6 6 6 6 6 6 6 6 6 6 6 6 6 6 6 6 6 6 6 6 6 6 6 6 6 6 6 6 6 6 6 6 6 6 6 6 6 6 6 6 6 6 6 6 6 6 6 6 6 6 6 6 6 6 6 6 6 6 6 6 6 6 6 6 6 6 6 6 6 6 6 6 6 6 6 6 6 6 6 6 6 6 6 6 6 6 6 6 6 6 6 6 6 6 6 6 6 6 6 6 6 6 
55 68 81 
63 68 109 
6 35 66 
43 70 127 
53 81 111 
11 13 64 
16 67 124 
16 88 102 
104 115 116 
36 89 97 
71 84 106 
1 5 122 
36 90 110 
23 76 104 
46 73 107 
34 42 67 
43 85 105 
15 99 103 
17 49 77 
36 40 98 
25 50 85 
10 77 83 
25 33 109 
54 91 100 
9 48 68 
12 13 33 
17 92 115 
20 71 113 
63 86 104 
55 71 110 
14 51 83 
3 37 100 
1 45 57 
52 65 73 
29 70 114 
8 18 50 
53 101 110 
75 89 122 
84 95 112 
2 71 108 
31 46 72 
85 91 112 
48 84 96 
15 39 64 
27 40 42 
16 99 128 
31 68 115 
46 124 125 
34 53 56 
6 32 98 
41 73 126 
33 40 72 
5 51 64 
58 101 126 
21 62 111 
30 89 124 
19 59 83 
28 54 57 
12 43 118 
43 73 100 
3 87 113 
27 35 88 
40 59 125 
4 86 118 
19 79 107 
4 58 121 
2 5 8 
24 63 90 
11 29 95 
21 58 71 
44 79 121 
40 82 100 
22 28 51 
26 47 103 
60 75 81 
51 106 120 
94 106 111 
21 34 69 
52 75 110 
1 74 101 
8 83 91 
39 58 89 
6 25 79 
84 100 128 
26 28 50 
4 54 65 
36 64 81 
60 93 94 
24 111 112 
33 56 60 
1 21 88 
15 23 90 
79 89 128 
30 38 60 
29 63 97 
54 105 107 
35 107 118 
12 71 122 
8 70 124 
27 99 123 
20 66 115 
15 107 122 
61 101 117 
5 20 62 
30 85 121 
19 53 93 
85 126 128 
17 23 59 
78 99 127 
1 49 114 
17 22 79 
7 51 113 
33 52 76 
14 45 72 
32 52 121 
26 80 126 
23 27 50 
44 69 106 
111 121 122 
4 72 77 
39 69 119 
37 61 67 
26 65 98 
9 41 49 
10 24 25 
25 38 58 
56 57 108 
29 56 83 
14 49 119 
35 59 116 
7 74 127 
37 38 116 
2 24 42 
31 62 91 
82 109 122 
8 45 92 
2 119 125 
98 102 123 
44 97 108 
9 38 110 
9 13 86 
47 82 117 
21 48 76 
19 39 66 
2 80 127 
10 62 117 
7 42 79 
87 92 125 
32 81 92 
2 37 48 
33 62 89 
74 91 123 
72 78 108 
88 109 125 
41 93 124 
12 14 93 
4 80 106 
10 98 105 
9 69 112 
18 55 114 
24 28 39 
5 44 95 
81 120 126 
3 15 57 
11 20 48 
1 43 104 
34 102 113 
77 96 99 
3 18 93 
3 86 120 
46 66 120 
47 111 127 
4 11 87 
54 88 97 
34 45 99 
50 84 87 
14 74 82 
61 73 77 
20 36 114 
22 55 56 
27 60 95 
31 59 101 
40 112 113 
41 78 113 
16 62 63 
13 30 31 
72 94 103 
28 41 76 
63 75 123 
42 49 103 
28 44 53 
105 108 120 
32 39 48 
65 85 114 
13 17 24 
12 44 117 
26 95 116 
7 61 75 
19 74 106 
53 115 118 
37 64 70 
57 96 110 
16 65 92 
31 87 98 
7 30 45 
61 66 103 
59 102 120 
6 70 75 
15 41 91 
69 96 124 
87 94 116 
23 61 109 
34 80 114 
17 67 78 
6 16 76 
82 94 105 
56 66 123 
68 78 107 
73 86 94 
69 115 126 
21 26 30 
14 52 112 
27 64 108 
10 22 119 
47 67 97 
46 60 80 
6 18 78 
25 54 104 
11 38 102 
22 37 88 
90 92 105 
32 38 82 
96 97 118 
8 12 128 
22 52 80 
35 74 128 
32 57 127 
18 117 123 
9 19 67 
7 55 95 
3 47 83 
23 55 118 
11 43 119 
35 51 65 
42 58 68 
29 76 101 
47 84 119 
36 45 117 
20 50 77 
5 90 93 
29 46 121 
13 100 103 
49 90 102 
96 109 116 
18 104 125 
10 70 86 
12 33 80 91 110 166 
40 67 133 137 145 150 
32 61 164 169 170 241 
64 66 86 120 157 173 
12 53 67 104 162 250 
3 50 83 208 215 227 
112 131 147 198 205 240 
36 67 81 99 136 234 
25 124 140 141 159 239 
22 125 146 158 224 256 
6 69 165 173 229 243 
26 59 98 156 196 234 
6 26 141 186 195 252 
31 114 129 156 177 222 
18 44 92 102 164 209 
7 8 46 185 203 215 
19 27 108 111 195 214 
36 160 169 227 238 255 
57 65 106 144 199 239 
28 101 104 165 179 249 
55 70 78 91 143 221 
73 111 180 224 230 235 
14 92 108 117 212 242 
68 89 125 133 161 195 
21 23 83 125 126 228 
74 85 116 123 197 221 
45 62 100 117 181 223 
58 73 85 161 188 191 
35 69 95 128 246 251 
56 94 105 186 205 221 
41 47 134 182 186 204 
50 115 149 193 232 237 
23 26 52 90 113 151 
16 49 78 167 175 213 
3 62 97 130 236 244 
10 13 20 87 179 248 
32 122 132 150 201 230 
94 126 132 140 229 232 
44 82 121 144 161 193 
20 45 52 63 72 183 
51 124 155 184 188 209 
16 45 133 147 190 245 
4 17 59 60 166 243 
71 118 139 162 191 196 
33 114 136 175 205 248 
15 41 48 171 226 251 
74 142 172 225 241 247 
25 43 143 150 165 193 
19 110 124 129 190 253 
21 36 85 117 176 249 
31 53 73 76 112 244 
34 79 113 115 222 235 
5 37 49 106 191 200 
24 58 86 96 174 228 
1 30 160 180 240 242 
49 90 127 128 180 217 
33 58 127 164 202 237 
54 66 70 82 126 245 
57 63 108 130 182 207 
75 88 90 94 181 226 
103 122 178 198 206 212 
55 104 134 146 151 185 
2 29 68 95 185 189 
6 44 53 87 201 223 
34 86 123 194 203 244 
3 101 144 171 206 217 
7 16 122 214 225 239 
1 2 25 47 218 245 
78 118 121 159 210 220 
4 35 99 201 208 256 
11 28 30 40 70 98 
41 52 114 120 153 187 
15 34 51 60 178 219 
80 131 152 177 199 236 
38 75 79 189 198 208 
14 113 143 188 215 246 
19 22 120 168 178 249 
109 153 184 214 218 227 
65 71 83 93 111 147 
116 145 157 213 226 235 
1 5 75 87 149 163 
72 135 142 177 216 232 
22 31 57 81 128 241 
11 39 43 84 176 247 
17 21 42 105 107 194 
29 64 141 170 219 256 
61 148 173 176 204 211 
8 62 91 154 174 230 
10 38 56 82 93 151 
13 68 92 231 250 253 
24 42 81 134 152 209 
27 136 148 149 203 231 
88 106 155 156 169 250 
77 88 187 211 216 219 
39 69 162 181 197 240 
43 168 202 210 233 254 
10 95 139 174 225 233 
20 50 123 138 158 204 
18 46 100 109 168 175 
24 32 60 72 84 252 
37 54 80 103 182 246 
8 138 167 207 229 253 
18 74 187 190 206 252 
9 14 29 166 228 255 
17 96 158 192 216 231 
11 76 77 118 157 199 
15 65 96 97 102 218 
40 127 139 153 192 223 
2 23 135 154 212 254 
13 30 37 79 140 202 
5 55 77 89 119 172 
39 42 89 159 183 222 
28 61 112 167 183 184 
35 110 160 179 194 213 
9 27 47 101 200 220 
9 130 132 197 211 254 
103 142 146 196 238 248 
59 64 97 200 233 242 
121 129 137 224 243 247 
76 163 170 171 192 207 
66 71 105 115 119 251 
12 38 98 102 119 135 
100 138 152 189 217 238 
7 48 56 99 155 210 
48 63 137 148 154 255 
51 54 107 116 163 220 
4 109 131 145 172 237 
46 84 93 107 234 236 
ÿ