1120 280
5 15
5 5 5 5 5 5 5 5 5 5 5 5 5 5 5 5 5 5 5 5 5 5 5 5 5 5 5 5 5 5 5 5 5 5 5 5 5 5 5 5 5 5 5 5 5 5 5 5 5 5 5 5 5 5 5 5 5 5 5 5 5 5 5 5 5 5 5 5 5 5 5 5 5 5 5 5 5 5 5 5 5 5 5 5 5 5 5 5 5 5 5 5 5 5 5 5 5 5 5 5 5 5 5 5 5 5 5 5 5 5 5 5 5 5 5 5 5 5 5 5 5 5 5 5 5 5 5 5 5 5 5 5 5 5 5 5 5 5 5 5 5 5 5 5 5 5 5 5 5 5 5 5 5 5 5 5 5 5 5 5 5 5 5 5 5 5 5 5 5 5 5 5 5 5 5 5 5 5 5 5 5 5 5 5 5 5 5 5 5 5 5 5 5 5 5 5 5 5 5 5 5 5 5 5 5 5 5 5 5 5 5 5 5 5 5 5 5 5 5 5 5 5 5 5 5 5 5 5 5 5 5 5 5 5 5 5 5 5 5 5 5 5 5 5 5 5 5 5 5 5 5 5 5 5 5 5 5 5 5 5 5 5 5 5 5 5 5 5 5 5 5 5 5 5 5 5 5 5 5 5 5 5 5 5 5 5 5 5 5 5 5 5 5 5 5 5 5 5 5 5 5 5 5 5 5 5 5 5 5 5 5 5 5 5 5 5 5 5 5 5 5 5 5 5 5 5 5 5 5 5 5 5 5 5 5 5 5 5 5 5 5 5 5 5 5 5 5 5 5 5 5 5 5 5 5 5 5 5 5 5 5 5 5 5 5 5 5 5 5 5 5 5 5 5 5 5 5 5 5 5 5 5 5 5 5 5 5 5 5 5 5 5 5 5 5 5 5 5 5 5 5 5 5 5 5 5 5 5 5 5 5 5 5 5 5 5 5 5 5 5 5 5 5 5 5 5 5 5 5 5 5 5 5 5 5 5 5 5 5 5 5 5 5 5 5 5 5 5 5 5 5 5 5 5 5 5 5 5 5 5 5 5 5 5 5 5 5 5 5 5 5 5 5 5 5 5 5 5 5 5 5 5 5 5 5 5 5 5 5 5 5 5 5 5 5 5 5 5 5 5 5 5 5 5 5 5 5 5 5 5 5 5 5 5 5 5 5 5 5 5 5 5 5 5 5 5 5 5 5 5 5 5 5 5 5 5 5 5 5 5 5 5 5 5 5 5 5 5 5 5 5 5 5 5 5 5 5 5 5 5 4 4 4 4 4 4 4 4 4 4 4 4 4 4 4 4 4 4 4 4 4 4 4 4 4 4 4 4 4 4 4 4 4 4 4 4 4 4 4 4 4 4 4 4 4 4 4 4 4 4 4 4 4 4 4 4 4 4 4 4 4 4 4 4 4 4 4 4 4 4 4 4 4 4 4 4 4 4 4 4 4 4 4 4 4 4 4 4 4 4 4 4 4 4 4 4 4 4 4 4 4 4 4 4 4 4 4 4 4 4 4 4 4 4 4 4 4 4 4 4 4 4 4 4 4 4 4 4 4 4 4 4 4 4 4 4 4 4 4 4 4 4 4 4 4 4 4 4 4 4 4 4 4 4 4 4 4 4 4 4 4 4 4 4 4 4 4 4 4 4 4 4 4 4 4 4 4 4 4 4 4 4 4 4 4 4 4 4 4 4 4 4 4 4 4 4 4 4 4 4 4 4 4 4 4 4 4 4 4 4 4 4 4 4 4 4 4 4 4 4 4 4 4 4 4 4 4 4 4 4 4 4 4 4 4 4 4 4 4 4 4 4 4 4 4 4 4 4 4 4 4 4 4 4 4 4 4 4 4 4 4 4 4 4 4 4 4 4 4 4 4 4 4 4 4 4 4 4 4 4 2 2 2 2 2 2 2 2 2 2 2 2 2 2 2 2 2 2 2 2 2 2 2 2 2 2 2 2 2 2 2 2 2 2 2 2 2 2 2 2 2 2 2 2 2 2 2 2 2 2 2 2 2 2 2 2 2 2 2 2 2 2 2 2 2 2 2 2 2 2 2 2 2 2 2 2 2 2 2 2 2 2 2 2 2 2 2 2 2 2 2 2 2 2 2 2 2 2 2 2 2 2 2 2 2 2 2 2 2 2 2 2 2 2 2 2 2 2 2 2 2 2 2 2 2 2 2 2 2 2 2 2 2 2 2 2 2 2 2 2 2 2 2 2 2 2 2 2 2 2 2 2 2 2 2 2 2 2 2 2 2 2 2 2 2 2 2 2 2 2 2 2 2 2 2 2 2 2 2 2 2 2 2 2 2 2 2 2 2 2 2 2 2 2 2 2 2 2 2 2 2 2 2 2 2 2 2 2 2 2 2 2 2 2 2 2 2 2 2 2 2 2 2 2 1 1 1 1 1 1 1 1 1 1 1 1 1 1 1 1 1 1 1 1 1 1 1 1 1 1 1 1 1 1 1 1 1 1 1 1 1 1 1 1 1 1 1 1 1 1 1 1 1 1 1 1 1 1 1 1 
15 15 15 15 15 15 15 15 15 15 15 15 15 15 15 15 15 15 15 15 15 15 15 15 15 15 15 15 15 15 15 15 15 15 15 15 15 15 15 15 15 15 15 15 15 15 15 15 15 15 15 15 15 15 15 15 16 16 16 16 16 16 16 16 16 16 16 16 16 16 16 16 16 16 16 16 16 16 16 16 16 16 16 16 16 16 16 16 16 16 16 16 16 16 16 16 16 16 16 16 16 16 16 16 16 16 16 16 16 16 16 16 16 16 16 16 16 16 16 16 16 16 16 16 16 16 16 16 16 16 16 16 16 16 16 16 16 16 16 16 16 16 16 16 16 16 16 16 16 16 16 16 16 16 16 16 16 16 16 16 16 16 16 16 16 16 16 16 16 16 16 16 16 16 16 16 16 16 16 16 16 16 16 16 16 16 16 16 16 16 16 16 16 16 16 16 16 16 16 16 16 16 16 16 16 16 16 16 16 16 16 16 16 16 16 16 16 16 16 16 16 16 16 16 16 16 16 16 16 16 16 16 16 16 16 16 16 16 16 16 16 16 16 16 16 16 16 16 16 16 16 16 16 16 16 16 16 16 16 16 16 16 16 16 16 16 16 16 16 16 16 16 16 16 16 16 16 16 16 16 
52 57 157 169 245 
53 58 158 170 246 
54 59 159 171 247 
55 60 160 172 248 
56 61 161 173 249 
1 62 162 174 250 
2 63 163 175 251 
3 64 164 176 252 
4 65 165 177 253 
5 66 166 178 254 
6 67 167 179 255 
7 68 168 180 256 
8 69 113 181 257 
9 70 114 182 258 
10 71 115 183 259 
11 72 116 184 260 
12 73 117 185 261 
13 74 118 186 262 
14 75 119 187 263 
15 76 120 188 264 
16 77 121 189 265 
17 78 122 190 266 
18 79 123 191 267 
19 80 124 192 268 
20 81 125 193 269 
21 82 126 194 270 
22 83 127 195 271 
23 84 128 196 272 
24 85 129 197 273 
25 86 130 198 274 
26 87 131 199 275 
27 88 132 200 276 
28 89 133 201 277 
29 90 134 202 278 
30 91 135 203 279 
31 92 136 204 280 
32 93 137 205 225 
33 94 138 206 226 
34 95 139 207 227 
35 96 140 208 228 
36 97 141 209 229 
37 98 142 210 230 
38 99 143 211 231 
39 100 144 212 232 
40 101 145 213 233 
41 102 146 214 234 
42 103 147 215 235 
43 104 148 216 236 
44 105 149 217 237 
45 106 150 218 238 
46 107 151 219 239 
47 108 152 220 240 
48 109 153 221 241 
49 110 154 222 242 
50 111 155 223 243 
51 112 156 224 244 
43 78 141 174 275 
44 79 142 175 276 
45 80 143 176 277 
46 81 144 177 278 
47 82 145 178 279 
48 83 146 179 280 
49 84 147 180 225 
50 85 148 181 226 
51 86 149 182 227 
52 87 150 183 228 
53 88 151 184 229 
54 89 152 185 230 
55 90 153 186 231 
56 91 154 187 232 
1 92 155 188 233 
2 93 156 189 234 
3 94 157 190 235 
4 95 158 191 236 
5 96 159 192 237 
6 97 160 193 238 
7 98 161 194 239 
8 99 162 195 240 
9 100 163 196 241 
10 101 164 197 242 
11 102 165 198 243 
12 103 166 199 244 
13 104 167 200 245 
14 105 168 201 246 
15 106 113 202 247 
16 107 114 203 248 
17 108 115 204 249 
18 109 116 205 250 
19 110 117 206 251 
20 111 118 207 252 
21 112 119 208 253 
22 57 120 209 254 
23 58 121 210 255 
24 59 122 211 256 
25 60 123 212 257 
26 61 124 213 258 
27 62 125 214 259 
28 63 126 215 260 
29 64 127 216 261 
30 65 128 217 262 
31 66 129 218 263 
32 67 130 219 264 
33 68 131 220 265 
34 69 132 221 266 
35 70 133 222 267 
36 71 134 223 268 
37 72 135 224 269 
38 73 136 169 270 
39 74 137 170 271 
40 75 138 171 272 
41 76 139 172 273 
42 77 140 173 274 
45 112 147 209 278 
46 57 148 210 279 
47 58 149 211 280 
48 59 150 212 225 
49 60 151 213 226 
50 61 152 214 227 
51 62 153 215 228 
52 63 154 216 229 
53 64 155 217 230 
54 65 156 218 231 
55 66 157 219 232 
56 67 158 220 233 
1 68 159 221 234 
2 69 160 222 235 
3 70 161 223 236 
4 71 162 224 237 
5 72 163 169 238 
6 73 164 170 239 
7 74 165 171 240 
8 75 166 172 241 
9 76 167 173 242 
10 77 168 174 243 
11 78 113 175 244 
12 79 114 176 245 
13 80 115 177 246 
14 81 116 178 247 
15 82 117 179 248 
16 83 118 180 249 
17 84 119 181 250 
18 85 120 182 251 
19 86 121 183 252 
20 87 122 184 253 
21 88 123 185 254 
22 89 124 186 255 
23 90 125 187 256 
24 91 126 188 257 
25 92 127 189 258 
26 93 128 190 259 
27 94 129 191 260 
28 95 130 192 261 
29 96 131 193 262 
30 97 132 194 263 
31 98 133 195 264 
32 99 134 196 265 
33 100 135 197 266 
34 101 136 198 267 
35 102 137 199 268 
36 103 138 200 269 
37 104 139 201 270 
38 105 140 202 271 
39 106 141 203 272 
40 107 142 204 273 
41 108 143 205 274 
42 109 144 206 275 
43 110 145 207 276 
44 111 146 208 277 
56 87 123 194 230 
1 88 124 195 231 
2 89 125 196 232 
3 90 126 197 233 
4 91 127 198 234 
5 92 128 199 235 
6 93 129 200 236 
7 94 130 201 237 
8 95 131 202 238 
9 96 132 203 239 
10 97 133 204 240 
11 98 134 205 241 
12 99 135 206 242 
13 100 136 207 243 
14 101 137 208 244 
15 102 138 209 245 
16 103 139 210 246 
17 104 140 211 247 
18 105 141 212 248 
19 106 142 213 249 
20 107 143 214 250 
21 108 144 215 251 
22 109 145 216 252 
23 110 146 217 253 
24 111 147 218 254 
25 112 148 219 255 
26 57 149 220 256 
27 58 150 221 257 
28 59 151 222 258 
29 60 152 223 259 
30 61 153 224 260 
31 62 154 169 261 
32 63 155 170 262 
33 64 156 171 263 
34 65 157 172 264 
35 66 158 173 265 
36 67 159 174 266 
37 68 160 175 267 
38 69 161 176 268 
39 70 162 177 269 
40 71 163 178 270 
41 72 164 179 271 
42 73 165 180 272 
43 74 166 181 273 
44 75 167 182 274 
45 76 168 183 275 
46 77 113 184 276 
47 78 114 185 277 
48 79 115 186 278 
49 80 116 187 279 
50 81 117 188 280 
51 82 118 189 225 
52 83 119 190 226 
53 84 120 191 227 
54 85 121 192 228 
55 86 122 193 229 
55 57 166 212 277 
56 58 167 213 278 
1 59 168 214 279 
2 60 113 215 280 
3 61 114 216 225 
4 62 115 217 226 
5 63 116 218 227 
6 64 117 219 228 
7 65 118 220 229 
8 66 119 221 230 
9 67 120 222 231 
10 68 121 223 232 
11 69 122 224 233 
12 70 123 169 234 
13 71 124 170 235 
14 72 125 171 236 
15 73 126 172 237 
16 74 127 173 238 
17 75 128 174 239 
18 76 129 175 240 
19 77 130 176 241 
20 78 131 177 242 
21 79 132 178 243 
22 80 133 179 244 
23 81 134 180 245 
24 82 135 181 246 
25 83 136 182 247 
26 84 137 183 248 
27 85 138 184 249 
28 86 139 185 250 
29 87 140 186 251 
30 88 141 187 252 
31 89 142 188 253 
32 90 143 189 254 
33 91 144 190 255 
34 92 145 191 256 
35 93 146 192 257 
36 94 147 193 258 
37 95 148 194 259 
38 96 149 195 260 
39 97 150 196 261 
40 98 151 197 262 
41 99 152 198 263 
42 100 153 199 264 
43 101 154 200 265 
44 102 155 201 266 
45 103 156 202 267 
46 104 157 203 268 
47 105 158 204 269 
48 106 159 205 270 
49 107 160 206 271 
50 108 161 207 272 
51 109 162 208 273 
52 110 163 209 274 
53 111 164 210 275 
54 112 165 211 276 
20 103 153 186 262 
21 104 154 187 263 
22 105 155 188 264 
23 106 156 189 265 
24 107 157 190 266 
25 108 158 191 267 
26 109 159 192 268 
27 110 160 193 269 
28 111 161 194 270 
29 112 162 195 271 
30 57 163 196 272 
31 58 164 197 273 
32 59 165 198 274 
33 60 166 199 275 
34 61 167 200 276 
35 62 168 201 277 
36 63 113 202 278 
37 64 114 203 279 
38 65 115 204 280 
39 66 116 205 225 
40 67 117 206 226 
41 68 118 207 227 
42 69 119 208 228 
43 70 120 209 229 
44 71 121 210 230 
45 72 122 211 231 
46 73 123 212 232 
47 74 124 213 233 
48 75 125 214 234 
49 76 126 215 235 
50 77 127 216 236 
51 78 128 217 237 
52 79 129 218 238 
53 80 130 219 239 
54 81 131 220 240 
55 82 132 221 241 
56 83 133 222 242 
1 84 134 223 243 
2 85 135 224 244 
3 86 136 169 245 
4 87 137 170 246 
5 88 138 171 247 
6 89 139 172 248 
7 90 140 173 249 
8 91 141 174 250 
9 92 142 175 251 
10 93 143 176 252 
11 94 144 177 253 
12 95 145 178 254 
13 96 146 179 255 
14 97 147 180 256 
15 98 148 181 257 
16 99 149 182 258 
17 100 150 183 259 
18 101 151 184 260 
19 102 152 185 261 
12 97 118 198 277 
13 98 119 199 278 
14 99 120 200 279 
15 100 121 201 280 
16 101 122 202 225 
17 102 123 203 226 
18 103 124 204 227 
19 104 125 205 228 
20 105 126 206 229 
21 106 127 207 230 
22 107 128 208 231 
23 108 129 209 232 
24 109 130 210 233 
25 110 131 211 234 
26 111 132 212 235 
27 112 133 213 236 
28 57 134 214 237 
29 58 135 215 238 
30 59 136 216 239 
31 60 137 217 240 
32 61 138 218 241 
33 62 139 219 242 
34 63 140 220 243 
35 64 141 221 244 
36 65 142 222 245 
37 66 143 223 246 
38 67 144 224 247 
39 68 145 169 248 
40 69 146 170 249 
41 70 147 171 250 
42 71 148 172 251 
43 72 149 173 252 
44 73 150 174 253 
45 74 151 175 254 
46 75 152 176 255 
47 76 153 177 256 
48 77 154 178 257 
49 78 155 179 258 
50 79 156 180 259 
51 80 157 181 260 
52 81 158 182 261 
53 82 159 183 262 
54 83 160 184 263 
55 84 161 185 264 
56 85 162 186 265 
1 86 163 187 266 
2 87 164 188 267 
3 88 165 189 268 
4 89 166 190 269 
5 90 167 191 270 
6 91 168 192 271 
7 92 113 193 272 
8 93 114 194 273 
9 94 115 195 274 
10 95 116 196 275 
11 96 117 197 276 
31 97 167 192 236 
32 98 168 193 237 
33 99 113 194 238 
34 100 114 195 239 
35 101 115 196 240 
36 102 116 197 241 
37 103 117 198 242 
38 104 118 199 243 
39 105 119 200 244 
40 106 120 201 245 
41 107 121 202 246 
42 108 122 203 247 
43 109 123 204 248 
44 110 124 205 249 
45 111 125 206 250 
46 112 126 207 251 
47 57 127 208 252 
48 58 128 209 253 
49 59 129 210 254 
50 60 130 211 255 
51 61 131 212 256 
52 62 132 213 257 
53 63 133 214 258 
54 64 134 215 259 
55 65 135 216 260 
56 66 136 217 261 
1 67 137 218 262 
2 68 138 219 263 
3 69 139 220 264 
4 70 140 221 265 
5 71 141 222 266 
6 72 142 223 267 
7 73 143 224 268 
8 74 144 169 269 
9 75 145 170 270 
10 76 146 171 271 
11 77 147 172 272 
12 78 148 173 273 
13 79 149 174 274 
14 80 150 175 275 
15 81 151 176 276 
16 82 152 177 277 
17 83 153 178 278 
18 84 154 179 279 
19 85 155 180 280 
20 86 156 181 225 
21 87 157 182 226 
22 88 158 183 227 
23 89 159 184 228 
24 90 160 185 229 
25 91 161 186 230 
26 92 162 187 231 
27 93 163 188 232 
28 94 164 189 233 
29 95 165 190 234 
30 96 166 191 235 
33 79 144 217 233 
34 80 145 218 234 
35 81 146 219 235 
36 82 147 220 236 
37 83 148 221 237 
38 84 149 222 238 
39 85 150 223 239 
40 86 151 224 240 
41 87 152 169 241 
42 88 153 170 242 
43 89 154 171 243 
44 90 155 172 244 
45 91 156 173 245 
46 92 157 174 246 
47 93 158 175 247 
48 94 159 176 248 
49 95 160 177 249 
50 96 161 178 250 
51 97 162 179 251 
52 98 163 180 252 
53 99 164 181 253 
54 100 165 182 254 
55 101 166 183 255 
56 102 167 184 256 
1 103 168 185 257 
2 104 113 186 258 
3 105 114 187 259 
4 106 115 188 260 
5 107 116 189 261 
6 108 117 190 262 
7 109 118 191 263 
8 110 119 192 264 
9 111 120 193 265 
10 112 121 194 266 
11 57 122 195 267 
12 58 123 196 268 
13 59 124 197 269 
14 60 125 198 270 
15 61 126 199 271 
16 62 127 200 272 
17 63 128 201 273 
18 64 129 202 274 
19 65 130 203 275 
20 66 131 204 276 
21 67 132 205 277 
22 68 133 206 278 
23 69 134 207 279 
24 70 135 208 280 
25 71 136 209 225 
26 72 137 210 226 
27 73 138 211 227 
28 74 139 212 228 
29 75 140 213 229 
30 76 141 214 230 
31 77 142 215 231 
32 78 143 216 232 
1 109 140 198 272 
2 110 141 199 273 
3 111 142 200 274 
4 112 143 201 275 
5 57 144 202 276 
6 58 145 203 277 
7 59 146 204 278 
8 60 147 205 279 
9 61 148 206 280 
10 62 149 207 225 
11 63 150 208 226 
12 64 151 209 227 
13 65 152 210 228 
14 66 153 211 229 
15 67 154 212 230 
16 68 155 213 231 
17 69 156 214 232 
18 70 157 215 233 
19 71 158 216 234 
20 72 159 217 235 
21 73 160 218 236 
22 74 161 219 237 
23 75 162 220 238 
24 76 163 221 239 
25 77 164 222 240 
26 78 165 223 241 
27 79 166 224 242 
28 80 167 169 243 
29 81 168 170 244 
30 82 113 171 245 
31 83 114 172 246 
32 84 115 173 247 
33 85 116 174 248 
34 86 117 175 249 
35 87 118 176 250 
36 88 119 177 251 
37 89 120 178 252 
38 90 121 179 253 
39 91 122 180 254 
40 92 123 181 255 
41 93 124 182 256 
42 94 125 183 257 
43 95 126 184 258 
44 96 127 185 259 
45 97 128 186 260 
46 98 129 187 261 
47 99 130 188 262 
48 100 131 189 263 
49 101 132 190 264 
50 102 133 191 265 
51 103 134 192 266 
52 104 135 193 267 
53 105 136 194 268 
54 106 137 195 269 
55 107 138 196 270 
56 108 139 197 271 
54 111 150 172 
55 112 151 173 
56 57 152 174 
1 58 153 175 
2 59 154 176 
3 60 155 177 
4 61 156 178 
5 62 157 179 
6 63 158 180 
7 64 159 181 
8 65 160 182 
9 66 161 183 
10 67 162 184 
11 68 163 185 
12 69 164 186 
13 70 165 187 
14 71 166 188 
15 72 167 189 
16 73 168 190 
17 74 113 191 
18 75 114 192 
19 76 115 193 
20 77 116 194 
21 78 117 195 
22 79 118 196 
23 80 119 197 
24 81 120 198 
25 82 121 199 
26 83 122 200 
27 84 123 201 
28 85 124 202 
29 86 125 203 
30 87 126 204 
31 88 127 205 
32 89 128 206 
33 90 129 207 
34 91 130 208 
35 92 131 209 
36 93 132 210 
37 94 133 211 
38 95 134 212 
39 96 135 213 
40 97 136 214 
41 98 137 215 
42 99 138 216 
43 100 139 217 
44 101 140 218 
45 102 141 219 
46 103 142 220 
47 104 143 221 
48 105 144 222 
49 106 145 223 
50 107 146 224 
51 108 147 169 
52 109 148 170 
53 110 149 171 
90 151 212 270 
91 152 213 271 
92 153 214 272 
93 154 215 273 
94 155 216 274 
95 156 217 275 
96 157 218 276 
97 158 219 277 
98 159 220 278 
99 160 221 279 
100 161 222 280 
101 162 223 225 
102 163 224 226 
103 164 169 227 
104 165 170 228 
105 166 171 229 
106 167 172 230 
107 168 173 231 
108 113 174 232 
109 114 175 233 
110 115 176 234 
111 116 177 235 
112 117 178 236 
57 118 179 237 
58 119 180 238 
59 120 181 239 
60 121 182 240 
61 122 183 241 
62 123 184 242 
63 124 185 243 
64 125 186 244 
65 126 187 245 
66 127 188 246 
67 128 189 247 
68 129 190 248 
69 130 191 249 
70 131 192 250 
71 132 193 251 
72 133 194 252 
73 134 195 253 
74 135 196 254 
75 136 197 255 
76 137 198 256 
77 138 199 257 
78 139 200 258 
79 140 201 259 
80 141 202 260 
81 142 203 261 
82 143 204 262 
83 144 205 263 
84 145 206 264 
85 146 207 265 
86 147 208 266 
87 148 209 267 
88 149 210 268 
89 150 211 269 
23 57 117 259 
24 58 118 260 
25 59 119 261 
26 60 120 262 
27 61 121 263 
28 62 122 264 
29 63 123 265 
30 64 124 266 
31 65 125 267 
32 66 126 268 
33 67 127 269 
34 68 128 270 
35 69 129 271 
36 70 130 272 
37 71 131 273 
38 72 132 274 
39 73 133 275 
40 74 134 276 
41 75 135 277 
42 76 136 278 
43 77 137 279 
44 78 138 280 
45 79 139 225 
46 80 140 226 
47 81 141 227 
48 82 142 228 
49 83 143 229 
50 84 144 230 
51 85 145 231 
52 86 146 232 
53 87 147 233 
54 88 148 234 
55 89 149 235 
56 90 150 236 
1 91 151 237 
2 92 152 238 
3 93 153 239 
4 94 154 240 
5 95 155 241 
6 96 156 242 
7 97 157 243 
8 98 158 244 
9 99 159 245 
10 100 160 246 
11 101 161 247 
12 102 162 248 
13 103 163 249 
14 104 164 250 
15 105 165 251 
16 106 166 252 
17 107 167 253 
18 108 168 254 
19 109 113 255 
20 110 114 256 
21 111 115 257 
22 112 116 258 
50 62 173 258 
51 63 174 259 
52 64 175 260 
53 65 176 261 
54 66 177 262 
55 67 178 263 
56 68 179 264 
1 69 180 265 
2 70 181 266 
3 71 182 267 
4 72 183 268 
5 73 184 269 
6 74 185 270 
7 75 186 271 
8 76 187 272 
9 77 188 273 
10 78 189 274 
11 79 190 275 
12 80 191 276 
13 81 192 277 
14 82 193 278 
15 83 194 279 
16 84 195 280 
17 85 196 225 
18 86 197 226 
19 87 198 227 
20 88 199 228 
21 89 200 229 
22 90 201 230 
23 91 202 231 
24 92 203 232 
25 93 204 233 
26 94 205 234 
27 95 206 235 
28 96 207 236 
29 97 208 237 
30 98 209 238 
31 99 210 239 
32 100 211 240 
33 101 212 241 
34 102 213 242 
35 103 214 243 
36 104 215 244 
37 105 216 245 
38 106 217 246 
39 107 218 247 
40 108 219 248 
41 109 220 249 
42 110 221 250 
43 111 222 251 
44 112 223 252 
45 57 224 253 
46 58 169 254 
47 59 170 255 
48 60 171 256 
49 61 172 257 
11 132 192 238 
12 133 193 239 
13 134 194 240 
14 135 195 241 
15 136 196 242 
16 137 197 243 
17 138 198 244 
18 139 199 245 
19 140 200 246 
20 141 201 247 
21 142 202 248 
22 143 203 249 
23 144 204 250 
24 145 205 251 
25 146 206 252 
26 147 207 253 
27 148 208 254 
28 149 209 255 
29 150 210 256 
30 151 211 257 
31 152 212 258 
32 153 213 259 
33 154 214 260 
34 155 215 261 
35 156 216 262 
36 157 217 263 
37 158 218 264 
38 159 219 265 
39 160 220 266 
40 161 221 267 
41 162 222 268 
42 163 223 269 
43 164 224 270 
44 165 169 271 
45 166 170 272 
46 167 171 273 
47 168 172 274 
48 113 173 275 
49 114 174 276 
50 115 175 277 
51 116 176 278 
52 117 177 279 
53 118 178 280 
54 119 179 225 
55 120 180 226 
56 121 181 227 
1 122 182 228 
2 123 183 229 
3 124 184 230 
4 125 185 231 
5 126 186 232 
6 127 187 233 
7 128 188 234 
8 129 189 235 
9 130 190 236 
10 131 191 237 
47 64 
48 65 
49 66 
50 67 
51 68 
52 69 
53 70 
54 71 
55 72 
56 73 
1 74 
2 75 
3 76 
4 77 
5 78 
6 79 
7 80 
8 81 
9 82 
10 83 
11 84 
12 85 
13 86 
14 87 
15 88 
16 89 
17 90 
18 91 
19 92 
20 93 
21 94 
22 95 
23 96 
24 97 
25 98 
26 99 
27 100 
28 101 
29 102 
30 103 
31 104 
32 105 
33 106 
34 107 
35 108 
36 109 
37 110 
38 111 
39 112 
40 57 
41 58 
42 59 
43 60 
44 61 
45 62 
46 63 
93 135 
94 136 
95 137 
96 138 
97 139 
98 140 
99 141 
100 142 
101 143 
102 144 
103 145 
104 146 
105 147 
106 148 
107 149 
108 150 
109 151 
110 152 
111 153 
112 154 
57 155 
58 156 
59 157 
60 158 
61 159 
62 160 
63 161 
64 162 
65 163 
66 164 
67 165 
68 166 
69 167 
70 168 
71 113 
72 114 
73 115 
74 116 
75 117 
76 118 
77 119 
78 120 
79 121 
80 122 
81 123 
82 124 
83 125 
84 126 
85 127 
86 128 
87 129 
88 130 
89 131 
90 132 
91 133 
92 134 
130 187 
131 188 
132 189 
133 190 
134 191 
135 192 
136 193 
137 194 
138 195 
139 196 
140 197 
141 198 
142 199 
143 200 
144 201 
145 202 
146 203 
147 204 
148 205 
149 206 
150 207 
151 208 
152 209 
153 210 
154 211 
155 212 
156 213 
157 214 
158 215 
159 216 
160 217 
161 218 
162 219 
163 220 
164 221 
165 222 
166 223 
167 224 
168 169 
113 170 
114 171 
115 172 
116 173 
117 174 
118 175 
119 176 
120 177 
121 178 
122 179 
123 180 
124 181 
125 182 
126 183 
127 184 
128 185 
129 186 
218 267 
219 268 
220 269 
221 270 
222 271 
223 272 
224 273 
169 274 
170 275 
171 276 
172 277 
173 278 
174 279 
175 280 
176 225 
177 226 
178 227 
179 228 
180 229 
181 230 
182 231 
183 232 
184 233 
185 234 
186 235 
187 236 
188 237 
189 238 
190 239 
191 240 
192 241 
193 242 
194 243 
195 244 
196 245 
197 246 
198 247 
199 248 
200 249 
201 250 
202 251 
203 252 
204 253 
205 254 
206 255 
207 256 
208 257 
209 258 
210 259 
211 260 
212 261 
213 262 
214 263 
215 264 
216 265 
217 266 
280 
225 
226 
227 
228 
229 
230 
231 
232 
233 
234 
235 
236 
237 
238 
239 
240 
241 
242 
243 
244 
245 
246 
247 
248 
249 
250 
251 
252 
253 
254 
255 
256 
257 
258 
259 
260 
261 
262 
263 
264 
265 
266 
267 
268 
269 
270 
271 
272 
273 
274 
275 
276 
277 
278 
279 
6 71 125 170 227 318 382 419 473 505 564 707 736 831 851 
7 72 126 171 228 319 383 420 474 506 565 708 737 832 852 
8 73 127 172 229 320 384 421 475 507 566 709 738 833 853 
9 74 128 173 230 321 385 422 476 508 567 710 739 834 854 
10 75 129 174 231 322 386 423 477 509 568 711 740 835 855 
11 76 130 175 232 323 387 424 478 510 569 712 741 836 856 
12 77 131 176 233 324 388 425 479 511 570 713 742 837 857 
13 78 132 177 234 325 389 426 480 512 571 714 743 838 858 
14 79 133 178 235 326 390 427 481 513 572 715 744 839 859 
15 80 134 179 236 327 391 428 482 514 573 716 745 840 860 
16 81 135 180 237 328 392 429 483 515 574 717 746 785 861 
17 82 136 181 238 329 337 430 484 516 575 718 747 786 862 
18 83 137 182 239 330 338 431 485 517 576 719 748 787 863 
19 84 138 183 240 331 339 432 486 518 577 720 749 788 864 
20 85 139 184 241 332 340 433 487 519 578 721 750 789 865 
21 86 140 185 242 333 341 434 488 520 579 722 751 790 866 
22 87 141 186 243 334 342 435 489 521 580 723 752 791 867 
23 88 142 187 244 335 343 436 490 522 581 724 753 792 868 
24 89 143 188 245 336 344 437 491 523 582 725 754 793 869 
25 90 144 189 246 281 345 438 492 524 583 726 755 794 870 
26 91 145 190 247 282 346 439 493 525 584 727 756 795 871 
27 92 146 191 248 283 347 440 494 526 585 728 757 796 872 
28 93 147 192 249 284 348 441 495 527 586 673 758 797 873 
29 94 148 193 250 285 349 442 496 528 587 674 759 798 874 
30 95 149 194 251 286 350 443 497 529 588 675 760 799 875 
31 96 150 195 252 287 351 444 498 530 589 676 761 800 876 
32 97 151 196 253 288 352 445 499 531 590 677 762 801 877 
33 98 152 197 254 289 353 446 500 532 591 678 763 802 878 
34 99 153 198 255 290 354 447 501 533 592 679 764 803 879 
35 100 154 199 256 291 355 448 502 534 593 680 765 804 880 
36 101 155 200 257 292 356 393 503 535 594 681 766 805 881 
37 102 156 201 258 293 357 394 504 536 595 682 767 806 882 
38 103 157 202 259 294 358 395 449 537 596 683 768 807 883 
39 104 158 203 260 295 359 396 450 538 597 684 769 808 884 
40 105 159 204 261 296 360 397 451 539 598 685 770 809 885 
41 106 160 205 262 297 361 398 452 540 599 686 771 810 886 
42 107 161 206 263 298 362 399 453 541 600 687 772 811 887 
43 108 162 207 264 299 363 400 454 542 601 688 773 812 888 
44 109 163 208 265 300 364 401 455 543 602 689 774 813 889 
45 110 164 209 266 301 365 402 456 544 603 690 775 814 890 
46 111 165 210 267 302 366 403 457 545 604 691 776 815 891 
47 112 166 211 268 303 367 404 458 546 605 692 777 816 892 
48 57 167 212 269 304 368 405 459 547 606 693 778 817 893 
49 58 168 213 270 305 369 406 460 548 607 694 779 818 894 
50 59 113 214 271 306 370 407 461 549 608 695 780 819 895 
51 60 114 215 272 307 371 408 462 550 609 696 781 820 896 
52 61 115 216 273 308 372 409 463 551 610 697 782 821 841 
53 62 116 217 274 309 373 410 464 552 611 698 783 822 842 
54 63 117 218 275 310 374 411 465 553 612 699 784 823 843 
55 64 118 219 276 311 375 412 466 554 613 700 729 824 844 
56 65 119 220 277 312 376 413 467 555 614 701 730 825 845 
1 66 120 221 278 313 377 414 468 556 615 702 731 826 846 
2 67 121 222 279 314 378 415 469 557 616 703 732 827 847 
3 68 122 223 280 315 379 416 470 558 561 704 733 828 848 
4 69 123 224 225 316 380 417 471 559 562 705 734 829 849 
5 70 124 169 226 317 381 418 472 560 563 706 735 830 850 
1 92 114 195 225 291 353 409 483 509 563 640 673 780 890 917 
2 93 115 196 226 292 354 410 484 510 564 641 674 781 891 918 
3 94 116 197 227 293 355 411 485 511 565 642 675 782 892 919 
4 95 117 198 228 294 356 412 486 512 566 643 676 783 893 920 
5 96 118 199 229 295 357 413 487 513 567 644 677 784 894 921 
6 97 119 200 230 296 358 414 488 514 568 645 678 729 895 922 
7 98 120 201 231 297 359 415 489 515 569 646 679 730 896 923 
8 99 121 202 232 298 360 416 490 516 570 647 680 731 841 924 
9 100 122 203 233 299 361 417 491 517 571 648 681 732 842 925 
10 101 123 204 234 300 362 418 492 518 572 649 682 733 843 926 
11 102 124 205 235 301 363 419 493 519 573 650 683 734 844 927 
12 103 125 206 236 302 364 420 494 520 574 651 684 735 845 928 
13 104 126 207 237 303 365 421 495 521 575 652 685 736 846 929 
14 105 127 208 238 304 366 422 496 522 576 653 686 737 847 930 
15 106 128 209 239 305 367 423 497 523 577 654 687 738 848 931 
16 107 129 210 240 306 368 424 498 524 578 655 688 739 849 932 
17 108 130 211 241 307 369 425 499 525 579 656 689 740 850 933 
18 109 131 212 242 308 370 426 500 526 580 657 690 741 851 934 
19 110 132 213 243 309 371 427 501 527 581 658 691 742 852 935 
20 111 133 214 244 310 372 428 502 528 582 659 692 743 853 936 
21 112 134 215 245 311 373 429 503 529 583 660 693 744 854 937 
22 57 135 216 246 312 374 430 504 530 584 661 694 745 855 938 
23 58 136 217 247 313 375 431 449 531 585 662 695 746 856 939 
24 59 137 218 248 314 376 432 450 532 586 663 696 747 857 940 
25 60 138 219 249 315 377 433 451 533 587 664 697 748 858 941 
26 61 139 220 250 316 378 434 452 534 588 665 698 749 859 942 
27 62 140 221 251 317 379 435 453 535 589 666 699 750 860 943 
28 63 141 222 252 318 380 436 454 536 590 667 700 751 861 944 
29 64 142 223 253 319 381 437 455 537 591 668 701 752 862 945 
30 65 143 224 254 320 382 438 456 538 592 669 702 753 863 946 
31 66 144 169 255 321 383 439 457 539 593 670 703 754 864 947 
32 67 145 170 256 322 384 440 458 540 594 671 704 755 865 948 
33 68 146 171 257 323 385 441 459 541 595 672 705 756 866 949 
34 69 147 172 258 324 386 442 460 542 596 617 706 757 867 950 
35 70 148 173 259 325 387 443 461 543 597 618 707 758 868 951 
36 71 149 174 260 326 388 444 462 544 598 619 708 759 869 952 
37 72 150 175 261 327 389 445 463 545 599 620 709 760 870 897 
38 73 151 176 262 328 390 446 464 546 600 621 710 761 871 898 
39 74 152 177 263 329 391 447 465 547 601 622 711 762 872 899 
40 75 153 178 264 330 392 448 466 548 602 623 712 763 873 900 
41 76 154 179 265 331 337 393 467 549 603 624 713 764 874 901 
42 77 155 180 266 332 338 394 468 550 604 625 714 765 875 902 
43 78 156 181 267 333 339 395 469 551 605 626 715 766 876 903 
44 79 157 182 268 334 340 396 470 552 606 627 716 767 877 904 
45 80 158 183 269 335 341 397 471 553 607 628 717 768 878 905 
46 81 159 184 270 336 342 398 472 554 608 629 718 769 879 906 
47 82 160 185 271 281 343 399 473 555 609 630 719 770 880 907 
48 83 161 186 272 282 344 400 474 556 610 631 720 771 881 908 
49 84 162 187 273 283 345 401 475 557 611 632 721 772 882 909 
50 85 163 188 274 284 346 402 476 558 612 633 722 773 883 910 
51 86 164 189 275 285 347 403 477 559 613 634 723 774 884 911 
52 87 165 190 276 286 348 404 478 560 614 635 724 775 885 912 
53 88 166 191 277 287 349 405 479 505 615 636 725 776 886 913 
54 89 167 192 278 288 350 406 480 506 616 637 726 777 887 914 
55 90 168 193 279 289 351 407 481 507 561 638 727 778 888 915 
56 91 113 194 280 290 352 408 482 508 562 639 728 779 889 916 
13 85 135 215 228 297 388 395 474 534 580 635 725 822 931 992 
14 86 136 216 229 298 389 396 475 535 581 636 726 823 932 993 
15 87 137 217 230 299 390 397 476 536 582 637 727 824 933 994 
16 88 138 218 231 300 391 398 477 537 583 638 728 825 934 995 
17 89 139 219 232 301 392 399 478 538 584 639 673 826 935 996 
18 90 140 220 233 302 337 400 479 539 585 640 674 827 936 997 
19 91 141 221 234 303 338 401 480 540 586 641 675 828 937 998 
20 92 142 222 235 304 339 402 481 541 587 642 676 829 938 999 
21 93 143 223 236 305 340 403 482 542 588 643 677 830 939 1000 
22 94 144 224 237 306 341 404 483 543 589 644 678 831 940 1001 
23 95 145 169 238 307 342 405 484 544 590 645 679 832 941 1002 
24 96 146 170 239 308 343 406 485 545 591 646 680 833 942 1003 
25 97 147 171 240 309 344 407 486 546 592 647 681 834 943 1004 
26 98 148 172 241 310 345 408 487 547 593 648 682 835 944 1005 
27 99 149 173 242 311 346 409 488 548 594 649 683 836 945 1006 
28 100 150 174 243 312 347 410 489 549 595 650 684 837 946 1007 
29 101 151 175 244 313 348 411 490 550 596 651 685 838 947 1008 
30 102 152 176 245 314 349 412 491 551 597 652 686 839 948 953 
31 103 153 177 246 315 350 413 492 552 598 653 687 840 949 954 
32 104 154 178 247 316 351 414 493 553 599 654 688 785 950 955 
33 105 155 179 248 317 352 415 494 554 600 655 689 786 951 956 
34 106 156 180 249 318 353 416 495 555 601 656 690 787 952 957 
35 107 157 181 250 319 354 417 496 556 602 657 691 788 897 958 
36 108 158 182 251 320 355 418 497 557 603 658 692 789 898 959 
37 109 159 183 252 321 356 419 498 558 604 659 693 790 899 960 
38 110 160 184 253 322 357 420 499 559 605 660 694 791 900 961 
39 111 161 185 254 323 358 421 500 560 606 661 695 792 901 962 
40 112 162 186 255 324 359 422 501 505 607 662 696 793 902 963 
41 57 163 187 256 325 360 423 502 506 608 663 697 794 903 964 
42 58 164 188 257 326 361 424 503 507 609 664 698 795 904 965 
43 59 165 189 258 327 362 425 504 508 610 665 699 796 905 966 
44 60 166 190 259 328 363 426 449 509 611 666 700 797 906 967 
45 61 167 191 260 329 364 427 450 510 612 667 701 798 907 968 
46 62 168 192 261 330 365 428 451 511 613 668 702 799 908 969 
47 63 113 193 262 331 366 429 452 512 614 669 703 800 909 970 
48 64 114 194 263 332 367 430 453 513 615 670 704 801 910 971 
49 65 115 195 264 333 368 431 454 514 616 671 705 802 911 972 
50 66 116 196 265 334 369 432 455 515 561 672 706 803 912 973 
51 67 117 197 266 335 370 433 456 516 562 617 707 804 913 974 
52 68 118 198 267 336 371 434 457 517 563 618 708 805 914 975 
53 69 119 199 268 281 372 435 458 518 564 619 709 806 915 976 
54 70 120 200 269 282 373 436 459 519 565 620 710 807 916 977 
55 71 121 201 270 283 374 437 460 520 566 621 711 808 917 978 
56 72 122 202 271 284 375 438 461 521 567 622 712 809 918 979 
1 73 123 203 272 285 376 439 462 522 568 623 713 810 919 980 
2 74 124 204 273 286 377 440 463 523 569 624 714 811 920 981 
3 75 125 205 274 287 378 441 464 524 570 625 715 812 921 982 
4 76 126 206 275 288 379 442 465 525 571 626 716 813 922 983 
5 77 127 207 276 289 380 443 466 526 572 627 717 814 923 984 
6 78 128 208 277 290 381 444 467 527 573 628 718 815 924 985 
7 79 129 209 278 291 382 445 468 528 574 629 719 816 925 986 
8 80 130 210 279 292 383 446 469 529 575 630 720 817 926 987 
9 81 131 211 280 293 384 447 470 530 576 631 721 818 927 988 
10 82 132 212 225 294 385 448 471 531 577 632 722 819 928 989 
11 83 133 213 226 295 386 393 472 532 578 633 723 820 929 990 
12 84 134 214 227 296 387 394 473 533 579 634 724 821 930 991 
1 108 129 200 238 320 364 426 457 532 614 630 781 818 991 1016 
2 109 130 201 239 321 365 427 458 533 615 631 782 819 992 1017 
3 110 131 202 240 322 366 428 459 534 616 632 783 820 993 1018 
4 111 132 203 241 323 367 429 460 535 561 633 784 821 994 1019 
5 112 133 204 242 324 368 430 461 536 562 634 729 822 995 1020 
6 57 134 205 243 325 369 431 462 537 563 635 730 823 996 1021 
7 58 135 206 244 326 370 432 463 538 564 636 731 824 997 1022 
8 59 136 207 245 327 371 433 464 539 565 637 732 825 998 1023 
9 60 137 208 246 328 372 434 465 540 566 638 733 826 999 1024 
10 61 138 209 247 329 373 435 466 541 567 639 734 827 1000 1025 
11 62 139 210 248 330 374 436 467 542 568 640 735 828 1001 1026 
12 63 140 211 249 331 375 437 468 543 569 641 736 829 1002 1027 
13 64 141 212 250 332 376 438 469 544 570 642 737 830 1003 1028 
14 65 142 213 251 333 377 439 470 545 571 643 738 831 1004 1029 
15 66 143 214 252 334 378 440 471 546 572 644 739 832 1005 1030 
16 67 144 215 253 335 379 441 472 547 573 645 740 833 1006 1031 
17 68 145 216 254 336 380 442 473 548 574 646 741 834 1007 1032 
18 69 146 217 255 281 381 443 474 549 575 647 742 835 1008 1033 
19 70 147 218 256 282 382 444 475 550 576 648 743 836 953 1034 
20 71 148 219 257 283 383 445 476 551 577 649 744 837 954 1035 
21 72 149 220 258 284 384 446 477 552 578 650 745 838 955 1036 
22 73 150 221 259 285 385 447 478 553 579 651 746 839 956 1037 
23 74 151 222 260 286 386 448 479 554 580 652 747 840 957 1038 
24 75 152 223 261 287 387 393 480 555 581 653 748 785 958 1039 
25 76 153 224 262 288 388 394 481 556 582 654 749 786 959 1040 
26 77 154 169 263 289 389 395 482 557 583 655 750 787 960 1041 
27 78 155 170 264 290 390 396 483 558 584 656 751 788 961 1042 
28 79 156 171 265 291 391 397 484 559 585 657 752 789 962 1043 
29 80 157 172 266 292 392 398 485 560 586 658 753 790 963 1044 
30 81 158 173 267 293 337 399 486 505 587 659 754 791 964 1045 
31 82 159 174 268 294 338 400 487 506 588 660 755 792 965 1046 
32 83 160 175 269 295 339 401 488 507 589 661 756 793 966 1047 
33 84 161 176 270 296 340 402 489 508 590 662 757 794 967 1048 
34 85 162 177 271 297 341 403 490 509 591 663 758 795 968 1049 
35 86 163 178 272 298 342 404 491 510 592 664 759 796 969 1050 
36 87 164 179 273 299 343 405 492 511 593 665 760 797 970 1051 
37 88 165 180 274 300 344 406 493 512 594 666 761 798 971 1052 
38 89 166 181 275 301 345 407 494 513 595 667 762 799 972 1053 
39 90 167 182 276 302 346 408 495 514 596 668 763 800 973 1054 
40 91 168 183 277 303 347 409 496 515 597 669 764 801 974 1055 
41 92 113 184 278 304 348 410 497 516 598 670 765 802 975 1056 
42 93 114 185 279 305 349 411 498 517 599 671 766 803 976 1057 
43 94 115 186 280 306 350 412 499 518 600 672 767 804 977 1058 
44 95 116 187 225 307 351 413 500 519 601 617 768 805 978 1059 
45 96 117 188 226 308 352 414 501 520 602 618 769 806 979 1060 
46 97 118 189 227 309 353 415 502 521 603 619 770 807 980 1061 
47 98 119 190 228 310 354 416 503 522 604 620 771 808 981 1062 
48 99 120 191 229 311 355 417 504 523 605 621 772 809 982 1063 
49 100 121 192 230 312 356 418 449 524 606 622 773 810 983 1064 
50 101 122 193 231 313 357 419 450 525 607 623 774 811 984 1009 
51 102 123 194 232 314 358 420 451 526 608 624 775 812 985 1010 
52 103 124 195 233 315 359 421 452 527 609 625 776 813 986 1011 
53 104 125 196 234 316 360 422 453 528 610 626 777 814 987 1012 
54 105 126 197 235 317 361 423 454 529 611 627 778 815 988 1013 
55 106 127 198 236 318 362 424 455 530 612 628 779 816 989 1014 
56 107 128 199 237 319 363 425 456 531 613 629 780 817 990 1015 
37 63 116 220 229 300 341 438 497 514 628 695 752 828 1023 1066 
38 64 117 221 230 301 342 439 498 515 629 696 753 829 1024 1067 
39 65 118 222 231 302 343 440 499 516 630 697 754 830 1025 1068 
40 66 119 223 232 303 344 441 500 517 631 698 755 831 1026 1069 
41 67 120 224 233 304 345 442 501 518 632 699 756 832 1027 1070 
42 68 121 169 234 305 346 443 502 519 633 700 757 833 1028 1071 
43 69 122 170 235 306 347 444 503 520 634 701 758 834 1029 1072 
44 70 123 171 236 307 348 445 504 521 635 702 759 835 1030 1073 
45 71 124 172 237 308 349 446 449 522 636 703 760 836 1031 1074 
46 72 125 173 238 309 350 447 450 523 637 704 761 837 1032 1075 
47 73 126 174 239 310 351 448 451 524 638 705 762 838 1033 1076 
48 74 127 175 240 311 352 393 452 525 639 706 763 839 1034 1077 
49 75 128 176 241 312 353 394 453 526 640 707 764 840 1035 1078 
50 76 129 177 242 313 354 395 454 527 641 708 765 785 1036 1079 
51 77 130 178 243 314 355 396 455 528 642 709 766 786 1037 1080 
52 78 131 179 244 315 356 397 456 529 643 710 767 787 1038 1081 
53 79 132 180 245 316 357 398 457 530 644 711 768 788 1039 1082 
54 80 133 181 246 317 358 399 458 531 645 712 769 789 1040 1083 
55 81 134 182 247 318 359 400 459 532 646 713 770 790 1041 1084 
56 82 135 183 248 319 360 401 460 533 647 714 771 791 1042 1085 
1 83 136 184 249 320 361 402 461 534 648 715 772 792 1043 1086 
2 84 137 185 250 321 362 403 462 535 649 716 773 793 1044 1087 
3 85 138 186 251 322 363 404 463 536 650 717 774 794 1045 1088 
4 86 139 187 252 323 364 405 464 537 651 718 775 795 1046 1089 
5 87 140 188 253 324 365 406 465 538 652 719 776 796 1047 1090 
6 88 141 189 254 325 366 407 466 539 653 720 777 797 1048 1091 
7 89 142 190 255 326 367 408 467 540 654 721 778 798 1049 1092 
8 90 143 191 256 327 368 409 468 541 655 722 779 799 1050 1093 
9 91 144 192 257 328 369 410 469 542 656 723 780 800 1051 1094 
10 92 145 193 258 329 370 411 470 543 657 724 781 801 1052 1095 
11 93 146 194 259 330 371 412 471 544 658 725 782 802 1053 1096 
12 94 147 195 260 331 372 413 472 545 659 726 783 803 1054 1097 
13 95 148 196 261 332 373 414 473 546 660 727 784 804 1055 1098 
14 96 149 197 262 333 374 415 474 547 661 728 729 805 1056 1099 
15 97 150 198 263 334 375 416 475 548 662 673 730 806 1057 1100 
16 98 151 199 264 335 376 417 476 549 663 674 731 807 1058 1101 
17 99 152 200 265 336 377 418 477 550 664 675 732 808 1059 1102 
18 100 153 201 266 281 378 419 478 551 665 676 733 809 1060 1103 
19 101 154 202 267 282 379 420 479 552 666 677 734 810 1061 1104 
20 102 155 203 268 283 380 421 480 553 667 678 735 811 1062 1105 
21 103 156 204 269 284 381 422 481 554 668 679 736 812 1063 1106 
22 104 157 205 270 285 382 423 482 555 669 680 737 813 1064 1107 
23 105 158 206 271 286 383 424 483 556 670 681 738 814 1009 1108 
24 106 159 207 272 287 384 425 484 557 671 682 739 815 1010 1109 
25 107 160 208 273 288 385 426 485 558 672 683 740 816 1011 1110 
26 108 161 209 274 289 386 427 486 559 617 684 741 817 1012 1111 
27 109 162 210 275 290 387 428 487 560 618 685 742 818 1013 1112 
28 110 163 211 276 291 388 429 488 505 619 686 743 819 1014 1113 
29 111 164 212 277 292 389 430 489 506 620 687 744 820 1015 1114 
30 112 165 213 278 293 390 431 490 507 621 688 745 821 1016 1115 
31 57 166 214 279 294 391 432 491 508 622 689 746 822 1017 1116 
32 58 167 215 280 295 392 433 492 509 623 690 747 823 1018 1117 
33 59 168 216 225 296 337 434 493 510 624 691 748 824 1019 1118 
34 60 113 217 226 297 338 435 494 511 625 692 749 825 1020 1119 
35 61 114 218 227 298 339 436 495 512 626 693 750 826 1021 1120 
36 62 115 219 228 299 340 437 496 513 627 694 751 827 1022 1065 
