1024 512
3 6
3 3 3 3 3 3 3 3 3 3 3 3 3 3 3 3 3 3 3 3 3 3 3 3 3 3 3 3 3 3 3 3 3 3 3 3 3 3 3 3 3 3 3 3 3 3 3 3 3 3 3 3 3 3 3 3 3 3 3 3 3 3 3 3 3 3 3 3 3 3 3 3 3 3 3 3 3 3 3 3 3 3 3 3 3 3 3 3 3 3 3 3 3 3 3 3 3 3 3 3 3 3 3 3 3 3 3 3 3 3 3 3 3 3 3 3 3 3 3 3 3 3 3 3 3 3 3 3 3 3 3 3 3 3 3 3 3 3 3 3 3 3 3 3 3 3 3 3 3 3 3 3 3 3 3 3 3 3 3 3 3 3 3 3 3 3 3 3 3 3 3 3 3 3 3 3 3 3 3 3 3 3 3 3 3 3 3 3 3 3 3 3 3 3 3 3 3 3 3 3 3 3 3 3 3 3 3 3 3 3 3 3 3 3 3 3 3 3 3 3 3 3 3 3 3 3 3 3 3 3 3 3 3 3 3 3 3 3 3 3 3 3 3 3 3 3 3 3 3 3 3 3 3 3 3 3 3 3 3 3 3 3 3 3 3 3 3 3 3 3 3 3 3 3 3 3 3 3 3 3 3 3 3 3 3 3 3 3 3 3 3 3 3 3 3 3 3 3 3 3 3 3 3 3 3 3 3 3 3 3 3 3 3 3 3 3 3 3 3 3 3 3 3 3 3 3 3 3 3 3 3 3 3 3 3 3 3 3 3 3 3 3 3 3 3 3 3 3 3 3 3 3 3 3 3 3 3 3 3 3 3 3 3 3 3 3 3 3 3 3 3 3 3 3 3 3 3 3 3 3 3 3 3 3 3 3 3 3 3 3 3 3 3 3 3 3 3 3 3 3 3 3 3 3 3 3 3 3 3 3 3 3 3 3 3 3 3 3 3 3 3 3 3 3 3 3 3 3 3 3 3 3 3 3 3 3 3 3 3 3 3 3 3 3 3 3 3 3 3 3 3 3 3 3 3 3 3 3 3 3 3 3 3 3 3 3 3 3 3 3 3 3 3 3 3 3 3 3 3 3 3 3 3 3 3 3 3 3 3 3 3 3 3 3 3 3 3 3 3 3 3 3 3 3 3 3 3 3 3 3 3 3 3 3 3 3 3 3 3 3 3 3 3 3 3 3 3 3 3 3 3 3 3 3 3 3 3 3 3 3 3 3 3 3 3 3 3 3 3 3 3 3 3 3 3 3 3 3 3 3 3 3 3 3 3 3 3 3 3 3 3 3 3 3 3 3 3 3 3 3 3 3 3 3 3 3 3 3 3 3 3 3 3 3 3 3 3 3 3 3 3 3 3 3 3 3 3 3 3 3 3 3 3 3 3 3 3 3 3 3 3 3 3 3 3 3 3 3 3 3 3 3 3 3 3 3 3 3 3 3 3 3 3 3 3 3 3 3 3 3 3 3 3 3 3 3 3 3 3 3 3 3 3 3 3 3 3 3 3 3 3 3 3 3 3 3 3 3 3 3 3 3 3 3 3 3 3 3 3 3 3 3 3 3 3 3 3 3 3 3 3 3 3 3 3 3 3 3 3 3 3 3 3 3 3 3 3 3 3 3 3 3 3 3 3 3 3 3 3 3 3 3 3 3 3 3 3 3 3 3 3 3 3 3 3 3 3 3 3 3 3 3 3 3 3 3 3 3 3 3 3 3 3 3 3 3 3 3 3 3 3 3 3 3 3 3 3 3 3 3 3 3 3 3 3 3 3 3 3 3 3 3 3 3 3 3 3 3 3 3 3 3 3 3 3 3 3 3 3 3 3 3 3 3 3 3 3 3 3 3 3 3 3 3 3 3 3 3 3 3 3 3 3 3 3 3 3 3 3 3 3 3 3 3 3 3 3 3 3 3 3 3 3 3 3 3 3 3 3 3 3 3 3 3 3 3 3 3 3 3 3 3 3 3 3 3 3 3 3 3 3 3 3 3 3 3 3 3 3 3 3 3 3 3 3 3 3 3 3 3 3 3 3 3 3 3 3 3 3 3 3 3 3 3 3 3 3 3 3 3 3 3 3 3 3 3 3 3 3 3 3 3 3 3 3 3 3 3 3 3 3 3 3 3 3 3 3 3 3 3 3 3 3 3 3 3 3 3 3 3 3 3 3 3 3 3 3 3 3 3 3 3 3 3 3 3 3 3 3 3 3 3 3 3 3 3 3 3 3 3 3 3 3 3 3 3 3 3 3 3 3 3 3 3 3 3 3 3 3 3 3 3 3 3 3 3 3 3 3 3 3 3 3 3 
6 6 6 6 6 6 6 6 6 6 6 6 6 6 6 6 6 6 6 6 6 6 6 6 6 6 6 6 6 6 6 6 6 6 6 6 6 6 6 6 6 6 6 6 6 6 6 6 6 6 6 6 6 6 6 6 6 6 6 6 6 6 6 6 6 6 6 6 6 6 6 6 6 6 6 6 6 6 6 6 6 6 6 6 6 6 6 6 6 6 6 6 6 6 6 6 6 6 6 6 6 6 6 6 6 6 6 6 6 6 6 6 6 6 6 6 6 6 6 6 6 6 6 6 6 6 6 6 6 6 6 6 6 6 6 6 6 6 6 6 6 6 6 6 6 6 6 6 6 6 6 6 6 6 6 6 6 6 6 6 6 6 6 6 6 6 6 6 6 6 6 6 6 6 6 6 6 6 6 6 6 6 6 6 6 6 6 6 6 6 6 6 6 6 6 6 6 6 6 6 6 6 6 6 6 6 6 6 6 6 6 6 6 6 6 6 6 6 6 6 6 6 6 6 6 6 6 6 6 6 6 6 6 6 6 6 6 6 6 6 6 6 6 6 6 6 6 6 6 6 6 6 6 6 6 6 6 6 6 6 6 6 6 6 6 6 6 6 6 6 6 6 6 6 6 6 6 6 6 6 6 6 6 6 6 6 6 6 6 6 6 6 6 6 6 6 6 6 6 6 6 6 6 6 6 6 6 6 6 6 6 6 6 6 6 6 6 6 6 6 6 6 6 6 6 6 6 6 6 6 6 6 6 6 6 6 6 6 6 6 6 6 6 6 6 6 6 6 6 6 6 6 6 6 6 6 6 6 6 6 6 6 6 6 6 6 6 6 6 6 6 6 6 6 6 6 6 6 6 6 6 6 6 6 6 6 6 6 6 6 6 6 6 6 6 6 6 6 6 6 6 6 6 6 6 6 6 6 6 6 6 6 6 6 6 6 6 6 6 6 6 6 6 6 6 6 6 6 6 6 6 6 6 6 6 6 6 6 6 6 6 6 6 6 6 6 6 6 6 6 6 6 6 6 6 6 6 6 6 6 6 6 6 6 6 6 6 6 6 6 6 6 6 6 6 6 6 6 6 6 6 6 6 6 6 6 6 6 6 6 6 6 6 6 6 6 6 6 6 6 6 6 6 6 6 6 6 6 6 6 6 6 
154 348 406 
69 289 338 
8 38 138 
32 175 319 
21 283 478 
168 416 497 
211 401 502 
158 182 226 
118 224 343 
151 462 501 
156 226 458 
329 359 385 
62 79 116 
56 475 486 
62 76 120 
215 263 290 
44 263 280 
100 254 484 
284 382 408 
10 465 473 
15 146 182 
341 357 420 
16 252 274 
27 159 322 
90 167 423 
359 375 407 
285 353 504 
122 136 198 
154 281 467 
169 434 507 
7 314 429 
168 398 432 
213 348 352 
220 279 445 
91 134 237 
44 242 345 
171 205 383 
91 342 503 
150 315 359 
20 139 252 
97 242 263 
297 436 480 
94 216 392 
60 65 393 
73 144 164 
42 54 417 
346 353 433 
28 174 463 
24 325 500 
145 391 394 
33 39 161 
123 148 400 
455 489 503 
95 425 467 
5 48 116 
93 147 360 
59 197 470 
97 185 422 
20 315 492 
236 459 471 
142 277 384 
49 161 260 
4 339 509 
278 474 491 
176 286 371 
211 248 424 
120 162 273 
65 399 482 
8 10 132 
87 196 275 
55 120 481 
67 266 411 
53 345 455 
92 229 310 
56 152 269 
46 99 125 
105 215 284 
108 221 408 
2 175 437 
233 438 448 
216 257 356 
54 157 229 
10 157 413 
5 203 459 
55 254 437 
34 41 480 
181 377 511 
305 347 469 
219 345 394 
95 208 261 
35 150 478 
340 431 493 
28 89 408 
350 482 493 
166 292 430 
47 299 335 
122 303 347 
247 316 351 
39 180 306 
42 231 460 
165 387 417 
193 335 395 
51 99 105 
155 160 181 
311 381 461 
261 344 447 
64 189 330 
48 457 511 
51 104 256 
69 483 490 
125 251 314 
61 172 177 
92 124 307 
161 287 449 
93 294 379 
63 309 390 
151 436 482 
301 425 477 
56 339 407 
170 172 483 
75 126 322 
77 403 415 
235 331 498 
192 362 402 
70 233 392 
74 135 365 
118 451 458 
97 272 403 
6 232 250 
11 225 404 
49 219 450 
86 464 472 
28 442 494 
209 241 404 
275 286 298 
86 206 212 
1 396 431 
221 238 262 
259 320 452 
146 223 435 
301 317 373 
101 208 245 
58 111 136 
205 246 396 
285 321 376 
203 282 330 
103 425 450 
58 327 448 
224 323 409 
76 144 444 
261 406 457 
212 474 476 
29 281 434 
25 66 271 
260 293 356 
16 300 352 
251 267 510 
118 199 467 
184 317 411 
237 324 383 
57 342 428 
68 220 254 
57 253 416 
35 272 506 
180 325 389 
14 438 500 
33 351 465 
228 305 483 
43 427 441 
101 332 492 
23 406 442 
15 181 427 
172 282 506 
36 269 332 
74 198 309 
110 189 388 
41 327 501 
127 294 433 
133 173 471 
43 45 387 
153 262 385 
40 135 462 
153 208 340 
117 201 316 
31 46 255 
197 321 456 
334 336 509 
75 228 400 
71 79 333 
188 293 432 
31 273 285 
44 295 376 
106 206 508 
78 88 130 
1 12 409 
109 183 368 
23 199 507 
30 68 460 
61 346 364 
131 354 358 
164 177 421 
109 163 412 
307 311 414 
121 245 453 
130 447 510 
30 245 373 
38 268 349 
133 349 488 
37 39 415 
387 430 487 
179 268 419 
318 380 445 
169 241 262 
137 410 477 
267 436 488 
216 336 442 
372 423 494 
178 241 494 
337 372 433 
202 312 363 
186 296 357 
23 303 355 
96 144 247 
67 84 96 
225 485 499 
87 92 168 
111 313 412 
253 290 367 
233 249 365 
30 80 405 
22 178 197 
29 401 508 
277 381 444 
48 65 509 
107 296 395 
230 256 380 
107 207 480 
86 371 390 
210 260 328 
29 288 356 
125 410 427 
17 271 312 
123 140 142 
218 308 438 
183 274 296 
219 355 464 
196 422 449 
170 189 344 
57 204 473 
175 288 388 
124 193 357 
55 188 290 
88 470 486 
2 147 329 
129 184 479 
238 321 349 
363 367 369 
79 205 283 
231 257 420 
59 362 489 
72 103 257 
105 217 325 
162 239 318 
37 77 448 
131 265 307 
112 134 298 
291 352 504 
112 418 435 
165 195 364 
243 255 453 
139 477 490 
41 191 223 
135 178 354 
32 264 457 
21 167 421 
165 341 481 
217 374 454 
16 334 479 
186 320 429 
312 337 346 
230 304 466 
134 324 485 
192 214 382 
227 253 455 
131 138 194 
66 110 232 
78 114 200 
67 153 302 
107 412 421 
17 170 417 
47 326 454 
288 461 505 
98 223 443 
14 46 206 
207 287 360 
210 344 420 
12 148 496 
332 368 378 
94 116 404 
160 330 479 
31 376 434 
43 415 484 
199 203 306 
102 133 305 
71 221 487 
132 323 478 
102 272 411 
156 159 435 
18 93 240 
277 397 431 
214 398 489 
300 444 459 
73 91 212 
318 372 397 
9 166 350 
106 119 410 
246 441 481 
66 293 351 
50 191 384 
101 115 428 
238 386 493 
26 234 255 
38 114 280 
202 413 426 
40 167 485 
68 103 299 
273 295 326 
37 391 469 
106 447 495 
89 248 343 
74 96 496 
204 315 491 
60 187 328 
98 195 422 
19 439 497 
3 200 374 
94 174 300 
190 243 396 
4 113 340 
5 18 160 
375 392 397 
77 137 201 
7 179 486 
83 309 329 
59 414 445 
176 369 466 
13 239 437 
84 256 488 
9 36 402 
21 72 451 
171 333 510 
40 139 190 
81 259 386 
180 264 418 
47 222 424 
173 289 502 
7 113 138 
14 25 54 
109 367 443 
73 220 413 
22 90 104 
82 114 196 
149 214 490 
322 432 508 
319 348 398 
42 339 468 
244 267 366 
53 192 456 
52 401 402 
1 149 491 
50 104 512 
142 388 501 
35 122 292 
27 90 179 
149 279 430 
76 304 463 
198 258 343 
145 194 353 
242 371 462 
3 26 378 
100 115 289 
236 249 370 
128 331 454 
126 159 382 
34 358 461 
132 235 313 
304 364 377 
185 331 338 
61 365 426 
157 218 228 
259 407 468 
34 99 363 
224 247 287 
113 140 453 
202 314 507 
80 276 391 
174 240 470 
128 188 476 
291 311 441 
124 185 222 
6 209 213 
231 405 446 
236 350 381 
334 409 487 
117 211 301 
229 250 424 
3 6 115 
13 338 423 
251 428 456 
143 333 386 
45 360 384 
45 82 299 
147 154 399 
112 177 323 
13 249 503 
17 52 164 
158 169 303 
12 62 276 
128 156 176 
389 439 511 
171 265 379 
158 163 475 
270 310 361 
335 394 449 
201 275 496 
152 222 366 
235 452 492 
95 302 375 
163 366 440 
264 320 446 
11 341 505 
70 297 469 
141 270 306 
88 258 499 
141 215 395 
53 308 399 
194 240 460 
269 418 497 
2 64 471 
295 440 450 
258 291 464 
298 374 475 
63 209 278 
72 146 403 
187 226 446 
85 117 129 
316 355 414 
20 465 504 
141 276 458 
119 280 302 
33 347 379 
143 183 361 
119 127 140 
32 385 405 
110 155 271 
121 476 505 
64 244 506 
108 204 389 
150 354 512 
85 336 378 
69 108 173 
60 148 239 
36 232 512 
310 383 419 
270 451 498 
83 265 327 
145 473 502 
81 162 416 
246 326 463 
278 281 337 
49 130 468 
15 227 313 
26 484 500 
70 207 499 
98 243 250 
22 193 217 
25 80 308 
51 191 195 
11 19 82 
87 166 472 
127 319 324 
210 244 429 
230 292 368 
129 136 286 
83 186 266 
50 361 452 
18 85 373 
84 187 248 
24 52 234 
71 370 495 
81 213 252 
19 121 268 
75 227 282 
100 266 317 
4 102 362 
393 472 498 
225 400 419 
24 294 443 
234 370 393 
218 274 284 
9 27 466 
279 297 426 
78 143 190 
8 89 328 
151 380 495 
184 200 358 
63 137 155 
237 283 369 
123 152 440 
126 342 439 
58 182 377 
111 390 474 
157 183 234 
319 495 499 
219 260 411 
3 25 193 
167 270 313 
56 368 405 
13 201 209 
16 279 476 
30 116 341 
96 325 385 
147 166 296 
41 158 278 
100 161 252 
3 226 259 
206 231 255 
152 328 423 
87 336 395 
111 243 419 
199 288 352 
339 421 498 
70 147 484 
203 370 469 
10 431 477 
93 153 277 
5 352 418 
33 93 205 
260 342 382 
313 464 470 
201 227 347 
14 217 309 
62 479 512 
60 153 367 
319 423 509 
109 194 484 
103 108 411 
251 270 430 
210 224 497 
38 321 420 
66 67 287 
91 405 486 
151 189 447 
94 159 237 
312 329 371 
33 274 335 
377 435 498 
181 209 394 
31 74 200 
356 391 432 
128 180 268 
160 279 413 
289 299 444 
146 190 463 
132 440 473 
269 272 386 
144 198 233 
49 355 401 
316 465 508 
213 228 470 
270 289 493 
29 408 460 
299 364 472 
175 363 386 
27 42 472 
44 414 467 
36 65 87 
55 178 225 
173 476 494 
82 182 357 
403 409 477 
216 314 490 
92 314 461 
14 91 170 
69 243 492 
60 200 226 
22 112 133 
245 508 511 
83 276 362 
20 443 503 
197 294 381 
299 346 436 
26 174 360 
54 302 399 
176 324 447 
86 310 374 
22 198 280 
63 334 360 
388 429 455 
70 186 355 
353 424 428 
7 81 269 
104 206 345 
12 116 150 
66 190 289 
35 53 258 
42 115 389 
278 455 462 
277 363 482 
310 330 378 
14 126 361 
51 266 462 
43 168 293 
346 414 488 
18 454 457 
161 366 402 
238 309 461 
23 167 281 
131 166 505 
13 412 487 
73 85 105 
145 212 223 
72 416 430 
13 57 276 
224 263 305 
82 125 402 
18 129 200 
118 292 443 
248 284 350 
55 62 431 
390 434 503 
189 257 474 
143 202 258 
420 425 483 
6 137 142 
1 389 499 
4 281 403 
265 446 491 
117 136 322 
205 230 367 
101 292 497 
371 422 471 
34 168 218 
348 438 453 
21 32 97 
46 300 387 
78 205 269 
69 199 448 
122 148 156 
45 404 422 
17 295 486 
107 157 166 
149 223 364 
203 290 471 
77 250 277 
135 310 506 
75 425 503 
31 253 465 
230 233 452 
218 297 478 
119 442 495 
72 76 383 
247 358 413 
179 272 422 
140 281 290 
9 267 426 
119 502 510 
4 359 427 
323 326 347 
26 56 155 
63 64 294 
91 311 352 
44 216 291 
141 500 506 
104 266 459 
12 197 234 
122 210 454 
88 267 474 
6 61 301 
53 467 497 
71 433 491 
318 414 493 
119 350 444 
236 244 275 
53 69 167 
44 113 505 
115 129 388 
48 156 215 
11 204 324 
34 111 512 
152 275 278 
21 73 457 
127 144 217 
144 328 502 
154 193 239 
62 235 280 
5 29 229 
30 94 501 
10 127 147 
42 449 467 
194 282 432 
106 261 458 
304 324 456 
86 210 450 
102 172 300 
15 204 368 
36 95 445 
72 87 427 
55 307 373 
28 305 374 
52 256 452 
208 217 232 
171 187 385 
184 365 485 
40 180 400 
154 315 451 
48 258 449 
18 317 488 
165 190 473 
127 345 399 
74 75 363 
199 331 435 
47 236 337 
58 107 173 
110 304 477 
57 285 368 
68 268 350 
47 162 264 
160 257 377 
291 322 511 
20 121 397 
307 337 378 
99 163 302 
294 351 494 
185 188 434 
43 82 84 
83 320 343 
171 195 441 
97 336 367 
89 276 417 
139 308 496 
33 181 362 
68 211 464 
338 358 391 
38 293 472 
49 296 412 
15 165 458 
29 138 220 
35 246 383 
145 359 475 
275 301 304 
176 188 295 
195 421 466 
85 283 364 
185 241 295 
35 39 287 
168 286 415 
247 439 442 
50 125 279 
17 163 375 
174 221 344 
88 428 507 
107 255 451 
154 449 487 
172 208 228 
113 390 463 
23 196 418 
113 408 419 
39 192 317 
223 303 359 
9 162 356 
141 319 400 
141 148 452 
8 66 135 
112 114 331 
28 60 271 
348 380 486 
61 165 192 
268 333 512 
106 207 374 
114 271 446 
25 220 344 
325 402 416 
96 229 475 
89 231 476 
32 263 332 
92 102 240 
302 482 490 
311 346 375 
126 250 286 
89 93 130 
204 231 378 
138 151 229 
297 315 466 
100 256 395 
122 150 395 
137 464 510 
41 376 429 
95 211 376 
11 185 322 
109 135 180 
108 131 320 
78 187 215 
30 380 478 
76 244 450 
260 309 490 
140 177 443 
8 90 316 
7 118 221 
2 266 399 
197 262 373 
191 327 469 
39 245 312 
262 273 438 
161 355 460 
145 160 282 
59 371 498 
151 381 407 
178 227 249 
106 132 285 
101 224 379 
133 296 496 
155 159 343 
81 158 485 
214 332 432 
10 366 417 
17 334 349 
121 201 232 
108 241 407 
153 235 377 
64 139 316 
120 212 421 
373 396 465 
7 120 175 
152 251 257 
393 471 507 
446 455 463 
57 338 406 
254 340 407 
174 176 383 
24 148 441 
114 202 306 
73 102 397 
6 178 436 
265 366 418 
65 408 453 
261 480 494 
115 326 459 
444 458 508 
45 170 345 
65 196 225 
92 241 492 
329 390 404 
238 469 492 
146 353 406 
46 58 480 
182 335 372 
213 360 504 
98 314 434 
222 300 427 
104 424 429 
8 283 379 
140 170 326 
84 128 448 
240 259 283 
26 248 417 
50 70 242 
202 252 291 
2 244 411 
124 398 504 
19 43 491 
12 134 386 
79 337 493 
37 274 461 
46 306 481 
23 109 401 
333 468 483 
40 50 496 
212 396 403 
19 111 440 
134 263 450 
273 297 318 
162 253 439 
67 249 288 
97 116 182 
466 478 482 
146 187 220 
99 325 369 
303 317 397 
40 51 393 
206 264 394 
71 222 474 
112 392 459 
221 301 392 
52 351 416 
58 181 405 
110 400 410 
164 349 361 
21 375 389 
131 415 453 
207 243 333 
351 420 481 
117 439 440 
163 239 328 
75 149 376 
96 186 334 
207 307 424 
142 191 298 
175 384 495 
242 384 419 
183 235 509 
16 47 387 
136 196 507 
37 101 430 
216 239 323 
118 129 354 
1 80 380 
54 142 341 
219 237 485 
20 31 431 
341 385 454 
38 81 372 
28 61 393 
164 321 410 
123 313 391 
48 251 487 
227 356 379 
139 321 415 
274 381 484 
76 125 510 
49 143 179 
249 357 483 
189 218 280 
155 272 426 
137 203 242 
298 305 329 
36 327 438 
252 343 489 
288 392 501 
59 233 369 
183 214 451 
110 261 340 
56 259 505 
5 338 410 
95 103 370 
27 51 406 
353 354 384 
237 342 436 
90 246 264 
171 232 339 
128 293 398 
312 332 361 
25 208 209 
68 169 502 
123 362 445 
77 138 357 
37 240 412 
195 198 303 
172 330 448 
67 226 441 
45 292 315 
86 339 456 
130 193 253 
54 344 437 
24 159 222 
34 298 330 
143 336 473 
11 186 511 
27 64 425 
318 320 354 
358 460 500 
191 306 382 
156 308 506 
90 271 499 
15 121 179 
84 331 481 
164 282 456 
213 342 437 
80 177 470 
169 250 433 
52 435 489 
230 247 479 
340 447 468 
267 323 504 
77 134 488 
105 177 254 
16 103 369 
98 120 401 
99 124 394 
133 136 480 
238 445 501 
24 256 286 
228 335 509 
150 225 248 
169 234 290 
41 126 348 
194 265 423 
365 462 489 
4 457 500 
132 287 370 
79 349 442 
80 100 475 
262 347 372 
19 59 387 
88 158 215 
9 98 409 
2 409 426 
3 219 382 
79 211 365 
32 284 398 
1 94 273 
85 173 327 
63 71 468 
83 105 236 
123 413 433 
149 245 437 
78 254 308 
124 188 192 
22 130 404 
117 184 285 
255 311 479 
184 214 396 
74 157 246 
284 388 428 
137 195 370 636 917 1011 
79 254 439 810 869 1007 
336 380 407 516 526 1008 
63 339 495 637 668 999 
55 84 340 537 697 944 
129 401 407 635 679 844 
31 343 357 602 809 834 
3 69 504 774 808 862 
315 349 501 666 771 1006 
20 69 83 535 699 826 
130 431 479 689 800 968 
195 297 418 604 676 872 
347 408 415 519 620 624 
166 294 358 542 584 611 
21 172 472 706 747 975 
23 156 278 520 912 987 
242 290 416 651 760 827 
309 340 487 615 627 718 
335 479 492 871 880 1004 
40 59 448 590 731 920 
5 275 350 645 692 899 
231 361 476 587 597 1019 
171 197 222 618 767 876 
49 489 498 841 965 992 
154 358 477 516 782 953 
322 380 473 593 670 866 
24 374 501 575 946 969 
48 93 133 710 776 923 
153 232 240 572 697 748 
198 206 230 521 698 804 
185 191 301 559 658 920 
4 274 454 645 786 1010 
51 167 451 538 556 742 
86 385 392 643 690 966 
91 164 373 606 749 756 
174 349 463 577 707 937 
209 264 328 874 914 957 
3 207 323 550 745 922 
51 99 209 756 769 813 
182 325 352 715 878 890 
86 177 272 524 798 996 
46 100 366 575 607 700 
169 180 302 613 736 871 
17 36 192 576 673 686 
180 411 412 650 850 961 
76 185 294 646 856 875 
96 291 355 723 728 912 
55 108 234 688 717 926 
62 131 471 568 746 931 
319 371 486 759 867 878 
103 109 478 612 890 946 
369 416 489 711 895 981 
73 368 436 606 680 685 
46 82 358 594 918 964 
71 85 252 578 630 709 
14 75 119 518 670 943 
161 163 249 624 726 838 
143 148 511 724 856 896 
57 260 345 817 940 1004 
44 333 462 544 586 776 
112 199 389 679 778 923 
13 15 418 543 630 696 
116 443 507 598 671 1013 
107 439 457 671 831 969 
44 68 234 577 846 851 
154 286 318 551 605 774 
72 224 288 551 884 960 
162 198 326 727 743 954 
2 110 461 585 648 685 
125 432 474 533 600 867 
189 305 490 681 892 1013 
261 350 444 623 662 708 
45 313 360 621 692 843 
126 175 331 559 721 1023 
121 188 493 657 721 905 
15 150 376 662 805 930 
122 264 342 655 956 985 
194 287 503 647 803 1017 
13 189 258 873 1001 1009 
230 396 477 917 979 1002 
353 468 491 602 824 922 
362 412 479 580 626 736 
344 466 485 589 737 1014 
224 348 488 736 864 976 
446 460 487 621 754 1012 
132 136 238 596 704 962 
70 226 480 529 577 708 
194 253 434 678 762 1005 
93 330 504 740 785 791 
25 361 374 808 949 974 
35 38 313 552 584 672 
74 113 226 583 787 852 
56 115 309 536 538 791 
43 299 337 554 698 1011 
54 90 428 707 799 945 
223 224 331 522 784 906 
41 58 128 645 739 885 
293 334 475 859 988 1006 
76 103 392 733 888 989 
18 381 494 525 795 1002 
142 170 320 641 821 914 
304 307 495 705 787 843 
147 261 326 547 945 987 
109 361 371 603 675 861 
77 103 262 621 986 1014 
193 316 329 702 780 820 
235 237 289 652 724 763 
78 458 461 547 802 829 
196 202 359 546 801 876 
176 286 455 725 897 942 
143 227 512 530 690 880 
266 268 414 587 775 893 
339 357 394 686 766 768 
287 323 362 775 781 842 
320 381 407 607 687 848 
13 55 299 521 604 885 
184 405 446 639 903 1020 
9 127 158 628 809 916 
316 450 453 661 667 683 
15 67 71 832 834 988 
204 456 492 731 828 975 
28 97 373 649 677 796 
52 243 509 925 955 1015 
113 251 400 870 989 1018 
76 111 241 626 759 930 
121 384 510 611 790 996 
178 453 481 693 699 720 
383 398 419 561 864 951 
255 446 484 627 687 916 
194 205 471 791 963 1019 
200 265 285 619 802 900 
69 306 386 565 820 1000 
179 208 304 587 822 990 
35 266 282 872 881 985 
126 182 273 656 774 801 
28 143 484 639 913 990 
214 342 507 635 797 935 
3 285 357 748 793 956 
40 271 352 741 831 928 
243 394 453 665 807 863 
433 435 449 674 772 773 
61 243 372 635 908 918 
410 452 503 633 931 967 
45 150 223 567 693 694 
50 378 467 622 750 816 
21 140 444 564 855 887 
56 254 413 523 533 699 
52 297 462 649 773 841 
363 370 375 653 905 1016 
39 91 459 604 796 994 
10 117 505 553 793 818 
75 426 509 528 691 835 
181 183 288 536 544 830 
1 29 413 695 716 764 
104 455 507 670 823 934 
11 308 419 649 688 973 
82 83 390 513 652 1023 
8 417 422 524 824 1005 
24 308 384 554 823 965 
104 300 340 562 729 816 
51 62 114 525 616 815 
67 263 468 728 771 883 
202 422 429 733 760 904 
45 201 416 898 924 977 
101 269 276 719 747 778 
95 315 480 523 619 652 
25 275 325 517 618 685 
6 32 226 613 643 757 
30 213 417 954 980 995 
120 248 290 584 850 863 
37 351 421 713 738 950 
112 120 173 705 765 959 
179 356 461 579 724 1012 
48 337 397 593 761 840 
4 79 250 574 834 909 
65 346 419 595 752 840 
112 201 414 807 979 986 
218 231 273 578 819 844 
211 343 374 664 931 975 
99 165 354 561 715 801 
87 104 172 558 742 896 
8 21 511 580 857 885 
196 245 452 513 911 941 
159 255 506 714 1020 1022 
58 388 400 735 755 800 
221 279 485 600 906 968 
333 445 488 713 803 887 
190 252 398 735 752 1018 
107 176 248 553 632 933 
338 352 503 564 605 719 
272 319 478 812 908 972 
124 283 368 769 778 1018 
102 251 476 516 695 963 
285 378 437 546 701 997 
269 334 478 738 753 958 
70 247 362 767 851 913 
57 186 231 591 676 811 
28 175 377 567 597 958 
158 197 303 531 648 722 
287 336 506 559 586 627 
184 342 425 519 541 828 
220 324 395 633 842 868 
84 146 303 534 654 935 
249 332 458 689 706 792 
37 144 258 538 640 647 
136 193 294 527 603 891 
237 295 474 780 901 907 
90 142 183 712 765 953 
134 401 443 519 558 953 
239 296 482 549 677 704 
7 66 405 743 799 1009 
136 152 313 622 832 879 
33 401 491 570 858 978 
283 311 363 825 941 1022 
16 77 435 688 803 1005 
43 81 216 582 673 915 
262 277 476 542 693 712 
244 390 500 643 660 933 
89 131 246 515 919 1008 
34 162 360 748 782 887 
78 138 305 761 809 894 
355 400 426 860 892 965 
140 272 293 622 653 770 
9 149 393 549 625 821 
130 225 497 578 851 994 
8 11 445 526 586 960 
284 472 493 541 819 927 
168 188 390 570 765 993 
74 82 406 697 784 793 
236 281 483 640 659 982 
100 259 402 527 785 792 
129 286 463 712 828 950 
80 125 229 567 659 940 
322 489 499 513 676 995 
123 386 427 696 830 911 
60 382 403 684 723 1014 
35 160 508 554 919 948 
138 256 321 617 854 991 
263 347 462 695 904 915 
309 397 437 787 865 957 
134 213 218 755 829 852 
36 41 379 867 910 935 
270 338 475 530 585 901 
367 457 482 684 805 869 
142 204 206 588 813 1016 
144 317 469 749 949 1023 
98 223 393 663 758 982 
66 330 488 629 866 994 
229 382 415 819 884 932 
129 406 475 655 790 980 
111 157 409 548 835 926 
23 40 491 525 868 938 
163 228 284 658 883 963 
18 85 162 839 986 1017 
185 270 322 527 763 1021 
109 236 348 711 795 992 
81 259 261 632 729 835 
377 434 441 606 633 717 
139 353 391 526 865 943 
62 155 239 515 539 806 
90 106 151 702 847 942 
138 181 213 811 814 1003 
16 17 41 625 786 881 
274 354 430 728 891 949 
265 421 466 638 845 997 
72 485 494 612 675 810 
157 215 367 666 678 984 
207 211 492 561 727 779 
75 174 438 566 602 647 
423 433 465 517 548 571 
154 242 455 776 781 974 
128 164 307 566 664 934 
67 191 327 814 882 1011 
23 245 500 556 874 929 
70 135 425 684 691 751 
396 418 449 589 624 740 
61 233 310 536 609 655 
64 443 470 524 608 691 
34 375 502 520 562 759 
17 323 450 597 696 933 
29 153 470 618 637 665 
146 173 493 701 816 977 
5 258 508 754 862 865 
19 77 500 629 1010 1024 
27 145 191 726 820 1020 
65 135 484 757 790 992 
114 295 393 551 756 1000 
240 250 292 531 884 939 
2 356 381 563 571 605 
16 228 252 654 665 995 
267 399 441 673 730 868 
95 373 483 628 641 961 
155 190 318 613 745 951 
115 178 498 591 671 734 
192 327 440 651 752 755 
221 235 245 523 746 822 
42 432 502 660 794 882 
135 266 442 908 936 966 
96 326 412 563 573 592 
156 312 337 646 705 860 
118 141 405 679 751 894 
288 428 450 594 733 788 
97 222 417 770 889 958 
281 376 387 703 725 751 
88 168 304 625 710 936 
99 303 433 842 875 972 
113 203 265 709 732 907 
244 436 477 741 973 1017 
116 175 344 542 617 806 
74 423 464 596 610 656 
105 203 399 672 789 1021 
220 242 280 555 813 952 
227 386 472 517 540 925 
31 111 395 582 583 859 
39 59 332 716 794 961 
98 184 447 569 808 831 
141 159 494 718 769 889 
212 263 314 682 882 970 
4 365 481 514 545 772 
139 279 430 737 802 970 
145 186 256 550 924 928 
24 121 364 639 730 800 
149 306 414 669 915 984 
160 282 481 595 689 703 
49 165 262 522 783 888 
291 327 469 669 848 863 
148 177 466 812 937 1012 
239 333 504 528 694 904 
12 254 344 555 853 936 
107 146 300 610 959 966 
123 383 388 722 775 976 
170 174 298 786 825 952 
189 351 410 779 877 901 
187 278 404 598 827 906 
96 102 424 556 857 993 
187 216 460 529 739 967 
219 280 470 723 732 873 
2 388 408 744 838 944 
63 119 366 532 950 962 
92 183 339 839 942 983 
22 276 431 521 918 921 
38 161 510 539 948 978 
9 330 377 737 823 938 
106 248 296 761 782 964 
36 73 89 603 720 850 
47 199 280 592 614 789 
88 97 451 541 669 1003 
1 33 365 644 777 996 
207 208 256 827 898 1001 
94 315 403 629 683 727 
98 167 318 734 895 902 
33 156 267 531 537 672 
27 47 378 601 855 947 
200 273 459 916 947 970 
222 246 447 568 600 815 
81 155 240 560 771 927 
22 221 251 580 932 956 
200 385 506 663 744 971 
12 26 39 668 750 770 
56 295 411 593 598 858 
423 452 486 611 898 952 
124 260 495 589 742 955 
220 257 392 574 609 721 
199 269 387 573 653 754 
126 229 389 714 998 1009 
367 426 429 616 826 845 
228 257 359 544 640 739 
196 298 483 518 706 726 
257 346 508 888 940 987 
382 490 499 534 945 1000 
65 238 379 555 642 817 
217 219 314 857 922 1003 
141 206 487 709 811 833 
277 336 442 596 710 780 
26 341 428 760 789 899 
145 192 301 798 799 905 
87 387 511 557 729 830 
298 380 460 610 732 792 
115 421 451 821 862 927 
212 236 505 777 804 917 
105 233 403 591 818 929 
19 283 384 539 972 1008 
37 160 464 662 749 840 
61 319 411 909 910 947 
12 181 454 522 713 921 
321 353 410 566 574 872 
101 180 210 646 912 1004 
176 250 372 599 687 1024 
165 420 458 607 636 899 
116 238 512 631 766 853 
50 328 396 560 744 925 
43 125 341 893 894 939 
44 496 499 836 890 923 
50 89 424 558 891 989 
102 235 435 529 795 796 
137 144 338 833 879 1022 
310 314 341 731 843 889 
32 311 365 870 951 1010 
68 413 436 594 720 810 
52 188 497 715 772 897 
7 232 369 568 876 988 
124 349 369 616 626 783 
122 128 444 581 637 879 
130 134 299 650 853 1019 
230 402 454 518 552 896 
1 151 171 838 855 946 
26 119 391 818 829 839 
19 78 93 572 768 846 
149 195 404 581 1006 1007 
214 241 316 897 924 944 
72 159 307 515 547 869 
202 227 289 620 746 957 
83 324 360 562 663 1015 
203 345 447 576 614 682 
122 209 302 757 900 928 
6 163 468 623 783 895 
46 101 290 740 826 866 
268 354 438 537 767 845 
211 464 497 530 768 910 
22 259 296 550 634 902 
201 275 289 532 753 832 
58 247 334 642 650 664 
25 217 408 528 545 997 
66 355 406 601 861 907 
54 118 147 634 657 969 
324 389 502 666 934 1007 
169 172 241 668 708 860 
161 320 409 601 762 1024 
31 279 482 599 798 861 
95 210 375 548 623 914 
92 137 310 535 630 920 
32 190 364 560 701 825 
47 178 219 681 980 1015 
30 153 301 631 735 859 
140 268 308 557 722 981 
42 117 215 592 844 948 
79 85 347 964 978 1016 
80 166 244 644 814 937 
335 420 510 758 883 903 
429 440 509 565 880 903 
169 317 399 738 841 960 
133 171 216 661 758 1001 
293 359 498 590 628 807 
150 233 312 563 683 849 
34 212 345 707 955 991 
402 430 445 638 781 837 
106 205 329 553 595 983 
80 148 264 648 864 959 
114 247 424 700 717 764 
131 147 440 704 805 881 
127 350 465 716 763 941 
139 427 486 659 711 773 
204 270 394 644 846 900 
277 291 383 615 677 921 
53 73 284 599 608 837 
186 368 409 703 962 977 
108 151 274 615 692 999 
11 127 449 702 747 849 
60 84 312 675 848 893 
100 198 437 572 815 971 
105 292 385 583 617 874 
10 182 379 608 612 998 
48 376 469 564 766 837 
132 246 441 540 743 797 
20 167 448 569 658 833 
281 346 501 753 794 886 
29 54 158 576 680 700 
366 391 471 877 983 1013 
88 328 432 534 812 854 
57 253 397 540 570 979 
60 179 439 642 654 836 
132 480 496 573 575 745 
20 249 467 565 719 967 
64 152 512 632 678 892 
14 422 442 750 784 1002 
152 398 456 520 579 785 
118 214 271 535 581 725 
5 91 306 660 804 886 
255 278 300 543 982 1021 
42 86 237 847 856 990 
71 276 317 875 902 976 
68 94 117 609 788 886 
110 120 168 634 877 932 
18 302 473 533 546 929 
225 282 325 714 824 919 
14 253 343 552 651 777 
210 305 404 620 764 926 
208 215 348 614 718 985 
53 260 311 938 981 998 
110 271 363 582 788 806 
64 332 370 638 681 871 
59 170 427 585 852 854 
92 94 321 571 682 873 
133 217 218 579 734 847 
329 490 505 514 661 909 
297 331 425 741 822 878 
6 335 438 549 641 680 
123 465 496 532 557 817 
225 434 474 514 636 974 
49 166 473 674 971 999 
10 177 372 698 939 991 
7 356 467 667 694 954 
38 53 415 590 631 657 
27 267 448 858 870 984 
292 431 456 619 686 943 
164 173 457 656 674 973 
30 197 395 762 836 913 
193 232 364 569 588 849 
63 187 234 545 911 993 
157 205 351 667 797 930 
87 108 420 588 730 968 
371 459 463 543 690 779 
