32
16
3 6
3 3 3 3 3 3 3 3 3 3 3 3 3 3 3 3 3 3 3 3 3 3 3 3 3 3 3 3 3 3 3 3 
6 6 6 6 6 6 6 6 6 6 6 6 6 6 6 6
1 12 16
1 2 13
2 3 14
3 4 15
4 5 16
1 5 6
2 6 7
3 7 8
4 8 9
5 9 10
6 10 11
7 11 12
8 12 13
9 13 14
10 14 15
11 15 16
4 6 12
2 5 8
3 6 9
4 10 13
5 11 14
2 9 16
1 8 15
3 11 13
6 13 16
1 7 10
3 10 12
2 12 15
4 7 14
8 14 16
5 7 15
1 9 11
1 2 6 23 26 32
2 3 7 18 22 28
3 4 8 19 24 27
4 5 9 17 20 29
5 6 10 18 21 31
6 7 11 17 19 25
7 8 12 26 29 31
8 9 13 18 23 30
9 10 14 19 22 32
10 11 15 20 26 27
11 12 16 21 24 32
1 12 13 17 27 28
2 13 14 20 24 25
3 14 15 21 29 30
4 15 16 23 28 31
1 5 16 22 25 30


