512 256 
3 6 
3 3 3 3 3 3 3 3 3 3 3 3 3 3 3 3 3 3 3 3 3 3 3 3 3 3 3 3 3 3 3 3 3 3 3 3 3 3 3 3 3 3 3 3 3 3 3 3 3 3 3 3 3 3 3 3 3 3 3 3 3 3 3 3 3 3 3 3 3 3 3 3 3 3 3 3 3 3 3 3 3 3 3 3 3 3 3 3 3 3 3 3 3 3 3 3 3 3 3 3 3 3 3 3 3 3 3 3 3 3 3 3 3 3 3 3 3 3 3 3 3 3 3 3 3 3 3 3 3 3 3 3 3 3 3 3 3 3 3 3 3 3 3 3 3 3 3 3 3 3 3 3 3 3 3 3 3 3 3 3 3 3 3 3 3 3 3 3 3 3 3 3 3 3 3 3 3 3 3 3 3 3 3 3 3 3 3 3 3 3 3 3 3 3 3 3 3 3 3 3 3 3 3 3 3 3 3 3 3 3 3 3 3 3 3 3 3 3 3 3 3 3 3 3 3 3 3 3 3 3 3 3 3 3 3 3 3 3 3 3 3 3 3 3 3 3 3 3 3 3 3 3 3 3 3 3 3 3 3 3 3 3 3 3 3 3 3 3 3 3 3 3 3 3 3 3 3 3 3 3 3 3 3 3 3 3 3 3 3 3 3 3 3 3 3 3 3 3 3 3 3 3 3 3 3 3 3 3 3 3 3 3 3 3 3 3 3 3 3 3 3 3 3 3 3 3 3 3 3 3 3 3 3 3 3 3 3 3 3 3 3 3 3 3 3 3 3 3 3 3 3 3 3 3 3 3 3 3 3 3 3 3 3 3 3 3 3 3 3 3 3 3 3 3 3 3 3 3 3 3 3 3 3 3 3 3 3 3 3 3 3 3 3 3 3 3 3 3 3 3 3 3 3 3 3 3 3 3 3 3 3 3 3 3 3 3 3 3 3 3 3 3 3 3 3 3 3 3 3 3 3 3 3 3 3 3 3 3 3 3 3 3 3 3 3 3 3 3 3 3 3 3 3 3 3 3 3 3 3 3 3 3 3 3 3 3 3 3 3 3 3 3 3 3 3 3 3 3 3 3 3 3 3 3 3 3 3 3 3 3 3 3 3 3 3 3 3 3 3 3 3 3 3 3 3 3 3 3 3 3 3 3 
6 6 6 6 6 6 6 6 6 6 6 6 6 6 6 6 6 6 6 6 6 6 6 6 6 6 6 6 6 6 6 6 6 6 6 6 6 6 6 6 6 6 6 6 6 6 6 6 6 6 6 6 6 6 6 6 6 6 6 6 6 6 6 6 6 6 6 6 6 6 6 6 6 6 6 6 6 6 6 6 6 6 6 6 6 6 6 6 6 6 6 6 6 6 6 6 6 6 6 6 6 6 6 6 6 6 6 6 6 6 6 6 6 6 6 6 6 6 6 6 6 6 6 6 6 6 6 6 6 6 6 6 6 6 6 6 6 6 6 6 6 6 6 6 6 6 6 6 6 6 6 6 6 6 6 6 6 6 6 6 6 6 6 6 6 6 6 6 6 6 6 6 6 6 6 6 6 6 6 6 6 6 6 6 6 6 6 6 6 6 6 6 6 6 6 6 6 6 6 6 6 6 6 6 6 6 6 6 6 6 6 6 6 6 6 6 6 6 6 6 6 6 6 6 6 6 6 6 6 6 6 6 6 6 6 6 6 6 6 6 6 6 6 6 6 6 6 6 6 6 6 6 6 6 6 6 
29 79 211 
27 31 211 
39 188 227 
20 206 238 
4 160 217 
17 39 110 
35 82 209 
6 166 242 
23 72 161 
75 226 252 
97 123 176 
104 145 227 
125 130 169 
1 174 256 
36 123 154 
75 89 209 
43 45 73 
56 149 233 
113 114 115 
1 57 61 
90 108 132 
74 112 243 
88 126 230 
26 134 189 
9 26 195 
17 50 209 
104 117 200 
99 134 190 
15 187 245 
63 94 256 
116 135 149 
26 104 250 
11 161 211 
47 114 142 
117 151 156 
13 188 200 
38 53 218 
121 164 194 
12 126 229 
67 135 227 
55 181 252 
92 194 210 
7 46 202 
31 99 208 
4 76 141 
169 193 244 
76 125 128 
22 41 122 
57 112 226 
100 162 235 
121 190 236 
44 114 250 
6 95 220 
25 132 178 
51 64 216 
117 193 218 
86 91 200 
141 181 199 
21 203 224 
149 188 223 
105 210 238 
106 231 236 
80 151 153 
110 195 255 
18 186 232 
44 128 159 
8 12 250 
28 143 243 
75 100 176 
69 171 208 
28 145 151 
10 27 103 
32 158 205 
72 181 254 
147 173 222 
2 22 173 
1 22 180 
100 195 203 
45 64 72 
5 58 134 
16 92 213 
62 131 203 
208 212 221 
26 74 97 
17 152 184 
78 118 172 
26 45 230 
64 115 183 
223 232 239 
108 174 216 
177 205 223 
33 74 252 
94 118 156 
18 50 124 
36 122 147 
103 109 198 
13 54 152 
95 106 147 
89 133 247 
84 203 229 
70 231 254 
60 160 220 
54 173 218 
67 184 233 
39 139 224 
23 171 219 
28 123 201 
33 137 188 
34 180 193 
206 227 241 
41 111 256 
7 61 102 
18 41 83 
40 57 187 
77 133 157 
22 42 236 
31 125 164 
25 124 181 
17 122 144 
46 123 165 
11 40 124 
101 127 235 
134 228 239 
81 142 183 
13 111 150 
16 150 245 
88 140 142 
10 97 155 
180 202 241 
164 182 230 
67 160 197 
97 130 204 
35 119 240 
87 166 228 
131 170 178 
127 226 239 
54 84 176 
142 143 181 
44 139 186 
42 82 172 
165 197 230 
88 94 240 
26 105 221 
86 189 196 
47 76 103 
112 113 175 
4 28 69 
113 169 207 
107 196 226 
82 224 242 
138 150 247 
44 79 90 
79 92 107 
8 154 235 
97 98 255 
40 120 155 
147 179 185 
167 193 217 
52 136 180 
35 182 248 
98 114 237 
39 54 250 
46 224 234 
105 234 236 
50 98 153 
20 53 96 
12 81 118 
9 136 164 
109 142 172 
12 233 237 
37 85 109 
47 84 190 
79 225 242 
81 191 220 
29 69 132 
31 86 243 
53 210 215 
21 49 177 
78 85 174 
53 145 207 
139 236 244 
93 122 129 
56 62 247 
30 65 195 
115 117 222 
99 131 213 
24 143 197 
16 134 199 
44 63 190 
14 19 162 
93 102 138 
19 101 146 
3 84 89 
208 209 253 
128 133 135 
65 233 239 
62 77 96 
130 166 254 
94 192 223 
4 46 222 
94 99 141 
36 143 187 
169 172 256 
30 78 186 
5 132 252 
30 43 194 
16 33 120 
53 201 237 
102 118 219 
96 136 208 
106 198 212 
66 149 161 
67 72 234 
102 157 230 
76 80 129 
173 200 234 
81 154 227 
6 243 244 
2 144 168 
55 65 111 
10 20 195 
19 91 145 
171 173 216 
182 203 212 
5 70 125 
184 195 213 
80 147 204 
30 91 165 
6 137 203 
43 235 247 
40 45 58 
50 57 135 
62 202 205 
37 56 91 
123 126 128 
97 137 217 
10 161 165 
32 65 106 
23 51 248 
31 163 225 
48 175 191 
24 66 70 
68 192 241 
38 64 206 
61 143 177 
50 64 180 
151 159 245 
12 161 186 
27 64 129 
7 70 246 
95 118 177 
58 79 158 
63 198 225 
8 177 182 
108 156 224 
6 78 199 
60 129 223 
83 127 142 
56 75 238 
145 202 255 
33 71 144 
11 36 159 
46 60 196 
163 210 231 
55 112 253 
148 185 218 
24 48 69 
90 104 170 
117 119 135 
182 196 207 
7 49 103 
153 175 236 
3 212 215 
32 87 170 
61 120 178 
83 107 253 
119 144 176 
3 228 252 
99 117 166 
7 55 176 
25 172 204 
57 95 115 
88 147 190 
86 100 205 
38 81 199 
141 146 244 
175 184 225 
5 101 112 
73 101 238 
185 241 245 
74 109 165 
106 129 193 
1 221 248 
10 189 240 
134 167 214 
157 191 231 
67 114 148 
52 110 200 
170 214 232 
29 93 114 
68 201 211 
27 154 192 
21 87 133 
63 81 204 
77 113 129 
41 71 165 
126 244 248 
57 72 246 
38 71 213 
166 167 251 
107 136 179 
13 23 175 
11 179 231 
14 93 96 
73 189 204 
29 59 60 
53 159 197 
102 119 159 
48 168 215 
99 204 249 
202 219 239 
89 194 243 
77 156 215 
60 136 244 
116 124 198 
55 98 104 
80 188 226 
178 187 221 
92 124 157 
155 186 222 
15 170 255 
51 138 238 
5 89 237 
75 122 191 
14 40 213 
103 186 187 
100 183 214 
154 155 196 
20 85 123 
6 41 171 
90 125 181 
76 220 253 
73 191 192 
101 157 176 
27 146 168 
21 51 179 
30 47 256 
71 90 149 
11 137 240 
113 121 159 
80 178 217 
30 207 242 
69 107 121 
42 49 238 
33 34 221 
79 100 105 
19 45 166 
67 71 158 
148 149 215 
2 69 128 
88 169 210 
59 226 250 
150 172 229 
115 160 249 
16 132 250 
108 210 255 
54 113 120 
65 107 152 
35 130 183 
19 29 153 
58 229 255 
106 227 242 
15 52 246 
22 108 140 
31 118 254 
48 163 207 
138 189 241 
103 191 193 
105 137 232 
3 109 207 
68 127 171 
52 85 131 
29 66 249 
32 153 183 
23 82 110 
63 188 251 
141 201 212 
9 101 174 
66 216 220 
83 84 178 
110 148 154 
43 66 105 
39 163 192 
11 38 47 
33 73 156 
39 109 216 
60 68 209 
61 104 224 
150 164 234 
55 213 240 
9 93 217 
56 68 199 
54 56 168 
45 61 199 
2 18 66 
14 49 174 
88 110 253 
14 86 140 
8 52 94 
3 13 187 
152 162 182 
156 167 230 
17 70 218 
196 245 249 
83 130 200 
9 41 133 
96 116 242 
85 140 214 
72 78 241 
38 42 59 
234 235 243 
21 111 158 
121 155 174 
144 175 189 
9 229 254 
23 37 251 
34 35 158 
17 116 228 
87 93 201 
37 111 180 
7 34 153 
50 71 85 
32 219 221 
184 206 211 
83 218 219 
58 75 131 
20 167 252 
4 15 34 
28 102 162 
43 87 225 
42 119 146 
82 87 223 
52 119 231 
1 74 145 
59 139 158 
137 173 246 
24 42 152 
77 222 235 
77 209 251 
98 208 239 
127 179 205 
96 120 190 
15 91 125 
24 68 222 
51 197 246 
19 70 225 
116 185 214 
22 92 135 
48 131 167 
121 146 237 
15 44 168 
14 76 170 
150 155 206 
2 73 245 
1 65 215 
171 228 249 
120 138 232 
13 198 232 
144 237 246 
116 177 194 
25 51 194 
27 82 179 
12 25 251 
59 63 197 
168 202 256 
2 58 201 
34 36 251 
108 161 162 
35 49 157 
32 140 247 
151 216 240 
91 139 143 
24 141 185 
5 18 185 
3 211 220 
124 127 163 
25 152 160 
169 228 247 
10 21 164 
112 140 160 
40 48 136 
122 148 183 
8 18 146 
20 115 229 
37 162 254 
92 111 249 
4 16 62 
89 95 248 
62 80 139 
8 74 133 
49 126 148 
47 130 205 
37 95 128 
90 151 184 
132 214 233 
78 98 163 
126 198 206 
36 138 212 
43 59 219 
86 217 248 
46 84 192 
28 233 253 
14 20 77 293 444 465 
76 219 360 405 464 476 
193 273 278 380 410 485 
5 45 147 200 438 497 
80 205 225 288 333 484 
8 53 218 229 256 340 
43 112 250 271 280 431 
67 154 254 409 493 500 
25 168 388 401 416 425 
72 128 221 237 294 489 
33 121 262 313 349 394 
39 67 167 170 248 473 
36 97 125 312 410 468 
190 314 335 406 408 462 
29 331 373 438 453 461 
81 126 188 207 365 497 
6 26 85 119 413 428 
65 94 113 405 484 493 
190 192 222 357 370 456 
4 166 221 339 437 494 
59 178 303 346 422 489 
48 76 77 116 374 458 
9 106 239 312 385 426 
187 242 267 447 454 483 
54 118 281 471 473 487 
24 25 32 84 87 143 
2 72 249 302 345 472 
68 71 107 147 439 512 
1 175 300 316 370 383 
184 204 206 228 347 352 
2 44 117 176 240 375 
73 238 274 384 433 480 
92 108 207 261 355 395 
109 355 427 431 438 477 
7 133 160 369 427 479 
15 95 202 262 477 508 
171 234 426 430 495 503 
37 244 285 309 394 420 
3 6 105 162 393 396 
114 121 156 231 335 491 
48 111 113 306 340 416 
116 140 354 420 441 447 
17 206 230 392 440 509 
52 66 139 152 189 461 
17 79 87 231 357 404 
43 120 163 200 263 511 
34 145 172 347 394 502 
241 267 319 376 459 491 
178 271 354 406 479 501 
26 94 165 232 246 432 
55 239 332 346 455 471 
159 298 373 382 409 443 
37 166 177 180 208 317 
97 103 137 162 367 403 
41 220 265 280 326 400 
18 183 234 259 402 403 
20 49 114 232 282 308 
80 231 252 371 436 476 
316 362 420 445 474 509 
102 257 263 316 324 397 
20 112 245 275 398 404 
82 183 197 233 497 499 
30 189 253 304 386 474 
55 79 88 244 246 249 
184 196 220 238 368 465 
212 242 383 389 392 405 
40 104 131 213 297 358 
243 301 381 397 402 454 
70 147 175 267 353 360 
101 225 242 250 413 456 
261 306 309 348 358 432 
9 74 79 213 308 419 
17 289 315 343 395 464 
22 84 92 291 444 500 
10 16 69 259 334 436 
45 47 145 215 342 462 
115 197 305 323 448 449 
86 179 204 256 419 506 
1 152 153 173 252 356 
63 215 227 327 351 499 
124 167 174 217 285 304 
7 140 150 385 442 472 
113 258 276 390 415 435 
100 137 172 193 390 511 
171 179 339 382 418 432 
57 144 176 284 408 510 
134 274 303 429 440 442 
23 127 142 283 361 407 
16 99 193 322 333 498 
21 152 268 341 348 504 
57 222 228 234 453 482 
42 81 153 329 458 496 
182 191 300 314 401 429 
30 93 142 199 201 409 
53 98 251 282 498 503 
166 197 210 314 417 452 
11 84 128 132 155 236 
155 161 165 326 450 506 
28 44 186 201 279 320 
50 69 78 284 337 356 
122 192 288 289 344 388 
112 191 209 214 318 439 
72 96 145 271 336 378 
12 27 32 268 326 398 
61 143 164 356 379 392 
62 98 211 238 292 372 
149 153 276 311 353 368 
21 90 255 366 374 478 
96 169 171 291 380 396 
6 64 298 385 391 407 
111 125 220 422 430 496 
22 49 146 265 288 490 
19 146 148 305 350 367 
19 34 52 161 297 300 
19 88 185 282 364 494 
31 325 417 428 457 470 
27 35 56 185 269 279 
86 93 167 209 251 375 
133 269 277 318 441 443 
156 207 275 367 452 467 
38 51 350 353 423 460 
48 95 119 182 334 492 
11 15 107 120 235 339 
94 118 121 325 329 486 
13 47 117 225 341 453 
23 39 235 307 501 507 
122 136 258 381 451 486 
47 66 195 235 360 503 
182 215 249 257 292 305 
13 132 198 369 415 502 
82 135 186 382 436 459 
21 54 175 205 365 505 
99 115 195 303 416 500 
24 28 80 123 188 295 
31 40 195 232 269 458 
159 168 210 311 324 491 
108 229 236 349 379 446 
151 191 332 377 467 508 
105 139 181 445 482 499 
127 374 408 418 480 490 
45 58 201 286 387 483 
34 124 127 138 169 258 
68 138 187 202 245 482 
119 219 261 277 424 469 
12 71 180 222 260 444 
192 286 345 441 460 493 
75 95 98 157 227 283 
266 297 359 391 492 501 
18 31 60 212 348 359 
125 126 151 363 399 463 
35 63 71 247 481 504 
85 97 368 411 447 487 
63 165 272 370 384 431 
15 154 217 302 338 391 
128 156 330 338 423 463 
35 93 255 323 395 412 
115 214 296 329 344 479 
73 252 358 422 427 445 
66 247 262 317 318 350 
5 102 131 364 487 490 
9 33 212 237 248 478 
50 190 411 439 478 495 
240 264 376 393 486 506 
38 117 130 168 399 489 
120 141 228 237 291 306 
8 134 198 279 310 357 
158 295 310 412 437 459 
219 319 345 403 461 475 
13 46 148 203 361 488 
135 268 274 299 331 462 
70 106 223 340 381 466 
86 140 169 203 281 363 
75 76 103 216 223 446 
14 90 179 388 406 423 
146 241 272 287 312 424 
11 69 137 277 280 344 
91 178 245 251 254 470 
54 135 275 328 351 390 
157 311 313 346 451 472 
77 109 129 159 246 430 
41 58 74 118 138 341 
130 160 224 254 270 411 
88 124 337 369 384 492 
85 104 226 287 434 504 
157 266 290 457 483 484 
65 139 204 248 330 336 
29 114 202 328 336 410 
3 36 60 108 327 386 
24 144 294 315 377 424 
28 51 172 189 283 452 
174 241 296 334 343 378 
199 243 302 343 393 511 
46 56 109 158 292 378 
38 42 206 322 470 471 
25 64 78 184 221 226 
144 149 263 270 338 414 
131 141 187 317 455 474 
96 211 253 325 468 507 
58 188 256 285 402 404 
27 36 57 216 298 415 
107 208 301 387 429 476 
43 129 233 260 321 475 
59 78 82 100 224 229 
132 227 281 304 315 320 
73 91 233 284 451 502 
4 110 244 434 463 507 
148 180 270 352 376 380 
44 70 83 194 210 450 
7 16 26 194 397 449 
42 61 177 264 361 366 
1 2 33 301 434 485 
83 211 224 273 387 508 
81 186 226 309 335 400 
295 299 337 418 457 505 
177 273 319 323 359 465 
55 90 223 389 396 481 
5 158 236 351 401 510 
37 56 103 266 413 435 
106 209 321 433 435 509 
53 102 174 342 389 485 
83 143 293 328 355 433 
75 185 200 330 448 454 
60 89 91 199 257 442 
59 105 150 163 255 398 
173 240 253 287 440 456 
10 49 136 149 327 362 
3 12 40 110 217 372 
123 134 278 428 466 488 
39 100 363 371 425 494 
23 87 130 141 214 412 
62 101 264 296 313 443 
65 89 299 379 467 468 
18 104 170 196 505 512 
163 164 213 216 399 421 
50 122 154 230 421 448 
51 62 116 164 181 272 
161 170 208 333 460 469 
4 61 259 289 332 354 
89 123 136 196 321 450 
133 142 294 349 400 481 
110 129 243 290 377 419 
8 150 173 352 372 417 
22 68 176 218 322 421 
46 181 218 286 307 324 
29 126 247 290 414 464 
250 308 373 446 455 469 
99 151 183 230 480 488 
160 239 293 307 498 510 
320 364 383 414 466 496 
32 52 67 162 362 365 
310 386 426 449 473 477 
10 41 92 205 278 437 
194 265 276 342 407 512 
74 101 198 375 425 495 
64 155 260 331 366 371 
14 30 111 203 347 475 
